0 1
0 2
0 3
0 4
0 5
0 6
0 7
0 8
0 9
0 10
0 11
0 12
0 13
0 14
0 15
0 16
0 17
0 18
0 19
0 20
0 21
0 22
0 23
0 24
0 25
0 26
0 27
0 28
0 29
0 30
0 31
0 32
0 33
0 35
0 37
0 38
0 39
0 40
0 41
0 42
0 43
0 44
0 45
0 46
0 47
0 48
0 49
0 50
0 51
0 52
0 53
0 54
0 55
0 56
0 57
0 58
0 59
0 60
0 61
0 62
0 63
0 64
0 65
0 66
0 67
0 68
0 69
0 70
0 71
0 72
0 73
0 74
0 75
0 76
0 77
0 78
0 79
0 80
0 81
0 82
0 83
0 84
0 85
0 86
0 87
0 88
0 89
0 90
0 91
0 92
0 93
0 94
0 95
0 96
0 97
0 98
0 99
0 100
0 101
0 102
0 103
0 104
0 105
0 106
0 107
0 108
0 109
0 110
0 111
0 112
0 113
0 114
0 115
0 116
0 117
0 118
0 119
0 120
0 121
0 122
0 123
0 124
0 125
0 126
0 127
0 128
0 129
0 130
0 131
0 132
0 133
0 134
0 135
0 136
0 137
0 138
0 139
0 140
0 141
0 142
0 143
0 144
0 145
0 146
0 147
0 148
0 149
0 150
0 151
0 152
0 153
0 154
0 155
0 156
0 157
0 158
0 159
0 160
0 161
0 162
0 163
0 164
0 165
0 166
0 167
0 168
0 169
0 170
0 171
0 172
0 173
0 174
0 175
0 176
0 177
0 178
0 179
0 180
0 181
0 182
0 183
0 184
0 185
0 186
0 187
0 188
0 189
0 190
0 191
0 192
0 193
0 194
0 195
0 196
0 197
0 198
0 199
0 200
0 201
0 202
0 203
0 204
0 205
0 206
0 207
0 208
0 209
0 210
0 211
0 212
0 213
0 214
0 215
0 216
0 217
0 218
0 219
0 220
0 221
0 222
0 223
0 224
0 225
0 226
0 227
0 228
0 229
0 230
0 231
0 232
0 233
0 234
0 235
0 236
0 237
0 238
0 239
0 240
0 241
0 242
0 243
0 244
0 245
0 246
0 247
0 248
0 249
0 250
0 251
0 252
0 253
0 254
0 255
0 256
0 257
0 258
0 259
0 261
0 262
0 263
0 264
0 265
0 266
0 267
0 268
0 269
0 270
0 271
0 272
0 273
0 274
0 275
0 276
0 277
0 278
0 279
0 280
0 281
0 282
0 283
0 284
0 285
0 286
0 287
0 288
0 289
0 290
0 291
0 292
0 293
0 294
0 295
0 296
0 297
0 298
0 299
0 300
0 301
0 302
0 303
0 304
0 305
0 306
0 307
0 308
0 309
0 310
0 311
0 312
0 313
0 314
0 315
0 316
0 317
0 318
0 319
0 320
0 321
0 322
0 323
0 324
0 325
0 326
0 327
0 328
0 329
0 330
0 331
0 332
0 333
0 334
0 335
0 336
0 337
0 338
0 339
0 340
0 341
0 342
0 343
0 344
0 345
0 346
0 347
0 348
0 349
0 350
0 351
0 352
0 353
0 354
0 355
0 356
0 357
0 358
0 359
0 360
0 361
0 362
0 363
0 364
0 365
0 366
0 367
0 368
0 369
0 370
0 371
0 372
0 373
0 374
0 375
0 376
0 377
0 378
0 379
0 380
0 381
0 382
0 383
0 384
0 385
0 386
0 387
0 388
0 389
0 390
0 391
0 392
0 393
0 394
0 395
0 396
0 397
0 398
0 399
0 400
0 401
0 402
0 403
0 404
0 405
0 406
0 407
0 408
0 409
0 410
0 411
0 412
0 413
0 414
0 415
0 416
0 417
0 418
0 419
0 420
0 421
0 422
0 423
0 424
0 425
0 426
0 427
0 428
0 429
0 430
0 431
0 432
0 433
0 434
0 435
0 436
0 437
0 438
0 439
0 440
0 441
0 442
0 443
0 444
0 445
0 446
0 447
0 448
0 449
0 450
0 451
0 452
0 453
0 454
0 455
0 456
0 457
0 458
0 459
0 460
0 461
0 462
0 463
0 464
0 465
0 466
0 467
0 468
0 469
0 470
0 471
0 472
0 473
0 474
0 475
0 476
0 477
0 478
0 479
0 480
0 481
0 482
0 483
0 484
0 485
0 486
0 488
0 489
0 490
0 491
0 492
0 494
0 495
0 496
0 497
0 498
0 499
0 500
0 502
0 503
0 504
0 505
0 506
0 507
0 508
0 509
0 510
0 511
0 512
0 513
0 514
0 515
0 516
0 517
0 518
0 519
0 520
0 521
0 522
0 523
0 524
0 525
0 526
0 527
0 528
0 529
0 530
0 531
0 532
0 533
0 534
0 535
0 536
0 537
0 538
0 539
0 540
0 541
0 542
0 543
0 544
0 545
0 546
0 547
0 548
0 549
0 550
0 551
0 552
0 553
0 554
0 555
0 556
0 557
0 558
0 559
0 560
0 561
0 562
0 563
0 564
0 565
0 566
0 567
0 568
0 569
0 570
0 571
0 572
0 573
0 574
0 575
0 576
0 577
0 578
0 579
0 580
0 581
0 582
0 583
0 584
0 585
0 586
0 587
0 588
0 589
0 590
0 591
0 592
0 593
0 594
0 595
0 596
0 597
0 598
0 599
0 600
0 601
0 602
0 603
0 604
0 605
0 606
0 607
0 608
0 609
0 610
0 611
0 612
0 613
0 614
0 616
0 617
0 618
0 619
0 620
0 621
0 622
0 623
0 624
0 625
0 626
0 627
0 628
0 629
0 630
0 631
0 632
0 633
0 634
0 635
0 636
0 637
0 638
0 639
0 640
0 641
0 642
0 643
0 644
0 645
0 646
0 647
0 648
0 649
0 650
0 651
0 652
0 653
0 654
0 655
0 656
0 657
0 658
0 659
0 660
0 661
0 662
0 663
0 664
0 665
0 667
0 668
0 669
0 670
0 671
0 672
0 673
0 674
0 675
0 676
0 677
0 678
0 679
0 680
0 681
0 682
0 683
0 684
0 685
0 686
0 687
0 688
0 690
0 691
0 692
0 693
0 694
0 695
0 696
0 697
0 698
0 699
0 700
0 701
0 702
0 703
0 704
0 705
0 706
0 707
0 708
0 709
0 710
0 711
0 712
0 713
0 714
0 715
0 716
0 717
0 718
0 719
0 720
0 722
0 723
0 724
0 725
0 726
0 727
0 728
0 729
0 730
0 731
0 732
0 733
0 734
0 735
0 736
0 737
0 738
0 740
0 741
0 742
0 743
0 744
0 745
0 746
0 747
0 748
0 749
0 750
0 751
0 752
0 753
0 754
0 755
0 756
0 758
0 760
0 761
0 763
0 764
0 765
0 766
0 767
0 768
0 769
0 770
0 771
0 772
0 773
0 774
0 775
0 776
0 777
0 778
0 779
0 780
0 781
0 782
0 783
0 784
0 785
0 786
0 787
0 789
0 790
0 791
0 792
0 793
0 794
0 795
0 796
0 797
0 798
0 800
0 801
0 802
0 803
0 804
0 805
0 806
0 807
0 808
0 809
0 810
0 811
0 812
0 813
0 814
0 815
0 816
0 817
0 818
0 819
0 820
0 821
0 822
0 823
0 824
0 825
0 826
0 827
0 828
0 829
0 830
0 832
0 833
0 834
0 835
0 836
0 837
0 838
0 839
0 840
0 841
0 843
0 844
0 845
0 846
0 847
0 848
0 849
0 850
0 851
0 852
0 853
0 854
0 855
0 857
0 858
0 859
0 860
0 861
0 863
0 864
0 865
0 866
0 867
0 868
0 869
0 870
0 871
0 873
0 874
0 875
0 876
0 877
0 878
0 879
0 880
0 881
0 882
0 883
0 884
0 885
0 886
0 887
0 888
0 889
0 890
0 891
0 892
0 893
0 894
0 895
0 896
0 897
0 898
0 899
0 901
0 902
0 903
0 904
0 905
0 906
0 907
0 909
0 910
0 911
0 913
0 914
0 915
0 917
0 918
0 919
0 920
0 921
0 922
0 923
0 924
0 925
0 926
0 927
0 928
0 929
0 930
0 931
0 932
0 933
0 934
0 935
0 936
0 937
0 938
0 939
0 940
0 941
0 942
0 943
0 944
0 945
0 946
0 947
0 948
0 949
0 950
0 951
0 952
0 953
0 954
0 955
0 956
0 957
0 958
0 959
0 960
0 961
0 962
0 963
0 964
0 966
0 967
0 968
0 970
0 972
0 973
0 974
0 975
0 976
0 977
0 978
0 979
0 980
0 981
0 982
0 983
0 984
0 985
0 986
0 987
0 988
0 989
0 991
0 992
0 993
0 994
0 995
0 996
0 997
0 998
0 1000
0 1001
0 1002
0 1003
0 1004
0 1005
0 1006
0 1007
0 1008
0 1009
0 1010
0 1012
0 1013
0 1015
0 1016
0 1018
0 1019
0 1020
0 1021
0 1022
0 1023
0 1024
0 1025
0 1026
0 1027
0 1029
0 1030
0 1031
0 1033
0 1034
0 1035
0 1036
0 1037
0 1038
0 1040
0 1041
0 1042
0 1044
0 1045
0 1046
0 1047
0 1048
0 1049
0 1050
0 1052
0 1053
0 1055
0 1057
0 1058
0 1059
0 1060
0 1061
0 1062
0 1063
0 1064
0 1065
0 1066
0 1067
0 1068
0 1069
0 1070
0 1071
0 1072
0 1073
0 1074
0 1075
0 1076
0 1077
0 1078
0 1079
0 1080
0 1081
0 1083
0 1084
0 1085
0 1086
0 1087
0 1088
0 1089
0 1091
0 1092
0 1093
0 1094
0 1095
0 1096
0 1097
0 1099
0 1100
0 1101
0 1102
0 1103
0 1104
0 1105
0 1106
0 1107
0 1109
0 1111
0 1112
0 1113
0 1115
0 1117
0 1119
0 1121
0 1122
0 1123
0 1124
0 1126
0 1127
0 1128
0 1130
0 1132
1 3
1 5
1 7
1 8
1 9
1 12
1 17
1 18
1 19
1 21
1 31
1 32
1 33
1 34
1 35
1 36
2 3
2 5
2 7
2 8
2 10
2 11
2 12
2 15
2 17
2 18
2 20
2 21
2 22
2 26
2 27
2 33
2 39
2 40
2 42
2 43
2 44
2 45
2 46
2 48
2 51
2 53
2 55
3 10
3 45
3 57
3 59
3 62
3 64
3 66
3 67
3 69
3 70
3 71
4 5
4 12
4 73
4 74
4 75
4 76
4 78
5 6
5 12
5 15
5 26
5 79
5 81
5 82
5 84
5 85
5 86
6 8
6 9
6 12
6 14
6 15
6 18
6 27
6 75
6 87
6 88
6 90
6 91
6 92
6 94
6 96
6 97
6 98
7 21
7 27
7 100
7 101
8 9
8 23
8 40
8 102
8 103
8 104
8 105
8 106
9 29
9 33
9 69
9 107
9 108
9 109
9 111
9 112
9 113
9 114
9 115
9 116
9 117
9 119
9 120
9 121
9 123
9 124
9 125
9 126
9 127
9 129
10 17
10 19
10 21
10 24
10 26
10 44
10 130
10 131
10 132
10 133
10 135
11 83
11 139
11 140
11 143
11 144
11 145
11 146
11 147
11 148
11 149
11 150
11 152
12 15
12 21
12 23
12 27
12 44
12 68
12 75
12 105
12 152
12 153
12 156
12 158
12 159
13 14
13 15
13 32
13 33
13 79
13 106
13 109
13 111
13 123
13 135
13 161
13 162
13 163
13 164
13 165
13 167
13 168
13 169
13 170
13 171
13 173
13 174
13 177
13 178
13 180
13 181
14 75
14 92
14 123
14 183
14 184
14 185
14 186
14 187
14 188
14 189
14 190
15 23
15 29
15 32
15 33
15 76
15 107
15 122
15 126
15 128
15 192
15 193
15 195
15 196
15 198
15 200
15 202
15 203
15 204
15 206
15 208
15 210
15 211
15 213
15 214
15 215
15 216
15 217
15 218
15 219
15 220
15 221
16 23
16 114
16 222
16 224
17 18
17 20
17 21
17 22
17 26
17 38
17 225
17 227
18 19
18 26
18 69
18 85
18 119
18 136
18 228
18 229
18 230
18 231
18 232
18 234
18 235
18 236
18 237
18 239
19 42
19 49
19 80
19 105
19 227
19 232
19 240
19 241
19 242
19 243
20 22
20 24
20 38
20 39
20 40
20 45
20 49
20 53
20 54
20 58
20 90
20 102
20 104
20 213
20 222
20 238
20 244
20 245
20 247
20 248
20 249
20 250
20 251
20 252
20 253
20 254
20 255
20 256
20 258
20 259
20 260
21 26
21 31
21 37
22 24
22 37
22 41
22 42
22 45
22 49
22 53
22 79
22 96
22 133
22 134
22 142
22 181
22 195
22 202
22 239
22 245
22 254
22 263
22 265
22 266
22 267
22 268
22 269
22 270
22 271
22 272
22 274
22 275
22 277
22 280
22 281
22 282
22 283
23 33
23 57
23 69
23 107
23 111
23 114
23 115
23 118
23 119
23 166
23 167
23 173
23 181
23 262
23 285
23 286
23 287
23 289
23 290
23 291
23 293
23 294
23 295
24 25
24 38
24 59
24 61
24 125
24 226
24 237
24 264
24 297
24 298
24 300
24 301
24 302
26 37
26 69
26 85
26 94
26 185
26 229
26 231
26 234
26 237
26 274
26 304
26 306
27 33
27 181
27 232
27 279
27 307
27 308
28 146
28 310
28 312
28 314
28 315
29 33
29 48
29 177
29 193
29 195
29 199
29 210
29 217
29 316
29 317
29 318
29 319
29 320
29 322
29 326
29 327
30 53
30 103
30 156
30 240
30 244
30 250
30 258
30 328
30 329
30 330
30 331
30 332
30 334
30 335
30 336
30 338
31 340
32 33
32 168
33 69
33 107
33 181
33 341
33 342
37 50
37 230
37 240
37 253
37 269
37 274
37 329
37 343
37 345
37 346
37 347
37 348
37 350
37 351
38 40
38 41
38 42
38 45
38 49
38 51
38 104
38 106
38 226
38 239
38 245
38 249
38 264
38 313
38 354
38 355
38 357
39 41
39 46
39 53
39 54
39 156
39 202
39 292
39 353
39 354
39 358
39 359
39 360
39 361
39 362
39 363
39 364
39 365
39 366
40 45
40 46
40 47
40 49
40 50
40 61
40 86
40 102
40 105
40 190
40 193
40 209
40 234
40 244
40 245
40 246
40 249
40 259
40 261
40 269
40 333
40 352
40 353
40 354
40 357
40 368
40 369
40 371
40 374
40 375
40 377
40 378
41 44
41 49
41 83
41 103
41 104
41 133
41 244
41 270
41 302
41 313
41 331
41 332
41 334
41 336
41 337
41 354
41 355
41 380
41 381
41 382
41 383
41 384
41 385
41 386
41 387
41 388
41 389
41 393
41 394
41 396
41 397
41 398
41 399
41 400
41 401
41 402
41 403
42 229
42 239
42 268
42 281
42 404
43 51
43 331
43 340
43 382
43 385
43 405
43 407
43 408
43 409
43 410
43 412
43 413
44 49
44 72
44 132
44 190
44 226
44 250
44 332
44 348
44 354
44 361
44 414
44 417
44 418
44 419
44 421
44 422
44 423
45 56
45 57
45 61
45 63
45 67
45 70
45 71
45 80
45 245
45 281
45 350
45 353
45 372
45 398
45 426
45 427
45 428
45 429
45 430
45 431
46 103
46 336
46 432
47 295
47 331
47 366
48 53
48 55
48 78
48 104
48 115
48 127
48 184
48 200
48 201
48 205
48 212
48 240
48 273
48 292
48 302
48 320
48 321
48 324
48 327
48 343
48 389
48 434
48 436
48 438
48 439
48 440
48 441
49 51
49 190
49 240
49 258
49 270
49 313
49 323
49 332
49 337
49 353
49 366
49 442
49 443
50 53
50 55
50 256
50 277
50 339
50 352
50 353
50 365
50 445
50 447
50 448
50 449
50 450
51 80
51 127
51 134
51 145
51 156
51 181
51 240
51 253
51 286
51 332
51 334
51 339
51 350
51 361
51 364
51 401
51 412
51 452
51 453
51 454
51 455
51 456
51 457
51 458
51 459
51 460
52 71
53 86
53 123
53 184
53 186
53 188
53 190
53 267
53 315
53 328
53 332
53 345
53 353
53 377
53 453
53 461
53 464
53 465
53 466
54 55
54 104
54 127
54 200
54 258
54 316
54 359
54 468
55 76
55 104
55 127
55 132
55 193
55 201
55 206
55 209
55 211
55 212
55 250
55 288
55 326
55 331
55 334
55 359
55 363
55 391
55 469
55 470
55 472
55 473
56 57
56 58
56 61
56 63
56 64
56 65
56 68
56 230
56 281
56 372
56 419
56 425
56 474
56 475
56 476
56 478
56 479
56 480
56 481
56 483
56 484
56 485
57 58
57 63
57 65
57 66
57 71
57 106
57 111
57 254
57 281
57 285
57 350
57 372
57 392
57 425
57 487
57 488
57 489
57 490
57 491
57 493
57 494
58 61
58 63
58 68
58 70
58 71
58 255
58 281
58 429
58 495
58 496
58 497
59 484
60 63
60 67
60 131
60 243
60 484
60 500
60 501
61 63
61 65
61 66
61 71
61 139
61 144
61 149
61 202
61 266
61 370
61 372
61 502
61 503
61 504
62 70
62 149
62 475
62 505
62 507
63 71
63 89
63 281
63 509
64 89
64 281
64 429
64 474
64 476
64 480
64 482
64 484
64 509
64 510
64 511
64 512
65 68
65 70
65 71
65 281
65 315
65 367
65 425
65 514
66 237
66 285
66 429
66 484
66 489
66 490
66 515
66 516
66 517
67 68
67 89
67 281
67 372
67 429
67 469
67 484
67 499
67 509
67 510
67 519
68 71
68 89
68 218
68 348
68 361
68 431
68 443
68 465
68 505
68 508
68 520
68 522
68 524
68 525
68 528
69 181
69 238
69 279
69 329
69 354
69 491
69 494
69 529
69 530
69 531
70 133
70 232
70 510
70 532
71 139
71 267
71 281
71 284
71 338
71 350
71 352
71 355
71 372
71 425
71 499
71 506
71 510
71 533
71 534
71 535
71 536
71 537
71 540
71 541
72 88
72 132
72 259
72 269
72 375
72 412
72 419
72 421
72 446
72 527
72 542
72 543
72 544
72 546
72 547
73 100
73 127
73 133
73 185
73 193
73 195
73 205
73 232
73 253
73 286
73 465
73 503
73 548
73 549
73 551
73 552
73 553
73 554
74 147
74 266
74 467
74 555
74 556
74 557
74 558
74 559
74 560
75 79
75 83
75 104
75 116
75 118
75 123
75 146
75 149
75 184
75 185
75 186
75 188
75 189
75 266
75 268
75 315
75 340
75 395
75 461
75 465
75 466
75 562
75 564
75 566
75 567
75 568
75 569
75 570
76 146
76 322
76 419
76 573
77 112
77 119
77 120
77 160
77 161
77 175
77 182
77 196
77 332
77 574
78 104
78 135
78 200
78 321
78 335
78 399
78 575
78 576
79 84
79 115
79 119
79 126
79 175
79 183
79 268
79 360
79 399
79 400
79 576
79 578
79 580
79 581
79 582
79 583
80 93
80 154
80 203
80 227
80 259
80 307
80 332
80 404
80 451
80 453
80 553
80 584
80 585
80 586
81 112
81 175
81 179
81 181
81 232
81 233
81 236
81 268
81 274
81 276
81 300
81 305
81 380
81 404
81 587
81 588
82 238
82 242
82 387
83 140
83 142
83 145
83 149
83 152
83 353
83 572
83 590
84 127
84 129
84 192
84 204
84 211
84 218
84 290
84 327
84 397
84 400
84 517
84 593
84 594
85 93
85 232
85 377
85 428
85 453
85 597
86 182
86 566
87 91
87 203
87 218
87 258
87 593
87 598
87 599
87 600
88 453
88 463
88 601
88 602
88 603
89 395
89 425
89 426
89 429
89 484
89 602
89 603
89 605
89 606
89 607
89 609
90 255
90 268
90 368
90 614
91 156
91 200
91 258
91 573
91 615
91 616
91 617
91 618
92 188
92 453
92 464
92 601
92 602
92 620
92 621
92 622
92 623
92 625
92 626
92 627
92 628
93 98
93 130
93 136
93 230
93 232
93 236
93 240
93 265
93 350
93 375
93 456
93 596
93 597
93 605
93 632
94 453
94 631
95 375
95 456
95 609
95 611
95 633
97 597
97 626
97 635
98 134
98 188
98 601
99 597
100 131
100 195
100 264
100 403
100 467
100 553
100 581
100 636
101 338
101 369
102 245
102 613
102 638
103 104
103 127
103 134
103 153
103 200
103 217
103 326
103 403
103 639
104 115
104 128
104 182
104 195
104 197
104 199
104 200
104 201
104 202
104 203
104 205
104 213
104 226
104 235
104 250
104 258
104 273
104 283
104 290
104 306
104 332
104 360
104 389
104 399
104 413
104 419
104 436
104 438
104 445
104 467
104 471
104 544
104 595
104 640
104 641
104 642
104 643
104 644
104 645
104 647
104 648
104 649
104 650
105 133
105 136
105 267
105 338
105 357
105 424
105 451
105 466
105 537
105 587
105 651
105 653
105 654
105 655
105 656
105 657
105 658
105 659
105 660
105 661
105 662
105 663
106 127
106 181
106 199
106 216
106 262
106 665
106 666
107 119
107 295
109 116
109 123
109 181
109 531
109 568
111 119
111 162
111 164
111 166
111 167
111 169
111 178
111 180
111 279
111 332
111 354
111 669
111 670
112 119
112 123
112 167
112 175
112 180
112 671
113 116
113 178
113 568
114 286
114 453
114 667
114 672
114 673
114 674
115 126
115 127
115 193
115 197
115 200
115 203
115 204
115 209
115 212
115 213
115 268
115 273
115 288
115 304
115 306
115 343
115 438
115 467
115 592
115 641
115 647
115 675
115 676
115 677
115 678
115 680
116 118
116 119
116 123
116 132
116 134
116 160
116 184
116 568
117 204
117 440
117 468
117 516
117 683
118 123
118 168
118 568
118 668
119 160
119 164
119 165
119 167
119 168
119 169
119 171
119 173
119 180
119 181
119 296
119 331
119 531
119 562
119 568
119 668
119 684
120 162
120 164
120 165
120 167
120 168
120 177
121 286
121 289
121 330
121 354
121 428
121 542
121 544
121 686
121 688
123 175
123 182
123 689
123 690
124 136
124 286
124 328
124 366
124 428
124 692
124 693
125 683
126 207
126 218
126 273
126 445
126 593
126 646
126 647
126 648
126 694
126 695
127 136
127 181
127 193
127 200
127 205
127 230
127 242
127 273
127 304
127 320
127 323
127 324
127 428
127 434
127 438
127 679
128 316
128 640
129 193
129 204
129 326
129 436
129 467
129 671
129 697
129 698
130 133
130 136
130 233
130 296
130 329
130 459
130 480
130 535
130 610
130 676
130 699
130 700
130 701
130 702
130 703
131 243
131 258
131 312
131 330
131 469
131 616
132 133
132 212
132 233
132 281
132 474
132 564
133 134
133 139
133 154
133 239
133 253
133 337
133 350
133 367
133 371
133 376
133 417
133 444
133 447
133 584
133 585
133 606
133 690
133 704
133 705
133 706
133 707
133 708
134 147
134 154
134 183
134 195
134 226
134 331
134 339
134 366
134 386
134 430
134 456
134 466
134 479
134 503
134 523
134 544
134 567
134 585
134 597
134 605
134 692
134 709
134 710
134 712
135 212
135 301
135 312
135 611
135 681
135 715
135 716
136 137
136 181
136 213
136 232
136 237
136 238
136 242
136 268
136 320
136 331
136 361
136 375
136 412
136 419
136 442
136 451
136 458
136 519
136 553
136 584
136 587
136 661
136 710
137 239
138 145
138 146
139 141
139 142
139 144
139 145
139 147
139 149
139 298
139 299
139 311
139 312
139 331
139 348
139 353
139 395
139 572
139 648
139 718
139 719
139 720
139 721
140 141
140 145
140 151
140 353
140 722
141 145
141 146
141 147
141 151
141 331
141 353
141 354
141 403
141 442
141 503
141 577
141 590
141 648
141 722
142 145
142 146
142 238
142 275
142 298
142 331
142 395
142 409
142 410
142 503
142 589
142 590
142 632
142 722
142 725
142 726
142 727
142 728
142 729
142 730
143 555
143 558
143 731
143 732
143 733
144 151
144 236
144 266
144 330
144 353
144 371
144 415
144 572
144 734
144 735
145 146
145 148
145 151
145 184
145 228
145 238
145 315
145 331
145 353
145 361
145 370
145 427
145 504
145 736
146 149
146 353
146 395
146 572
146 719
146 737
146 738
147 205
147 572
147 718
148 149
148 184
148 266
148 504
148 572
148 691
148 720
148 736
149 151
149 182
149 240
149 353
149 403
149 539
149 572
149 577
150 240
151 184
151 266
151 299
151 556
151 558
151 572
151 722
151 734
151 736
151 738
151 739
151 740
151 741
152 355
152 395
152 411
152 589
152 590
152 745
152 747
153 217
154 236
154 343
154 345
154 361
154 374
154 377
154 414
154 417
154 444
154 585
154 676
155 267
155 268
155 686
155 701
156 332
156 334
156 740
156 748
157 182
157 390
157 394
157 648
157 660
157 749
157 750
157 751
157 752
157 753
157 754
158 755
159 757
160 182
160 184
160 189
160 583
161 175
161 195
161 196
161 296
161 326
161 400
161 583
162 321
162 632
162 759
163 164
163 166
163 167
163 172
163 270
164 165
164 166
164 167
164 171
164 173
164 296
164 562
165 177
165 181
165 360
165 491
166 531
167 236
167 321
167 562
170 583
171 296
171 562
175 196
175 197
175 219
175 326
175 389
175 583
175 760
176 181
177 243
178 279
178 668
180 196
180 313
180 343
180 548
181 236
181 240
181 276
181 286
181 291
181 295
181 531
181 562
181 762
182 184
182 186
182 188
182 189
182 190
182 340
182 358
182 380
182 383
182 550
182 566
182 601
182 603
182 624
182 714
182 723
182 725
182 763
182 764
183 184
183 190
183 205
183 268
183 571
184 189
184 299
184 328
184 330
184 353
184 363
184 370
184 388
184 415
184 558
184 577
184 766
185 413
185 428
185 548
185 579
185 637
185 710
186 465
186 588
186 765
187 454
187 587
187 653
187 659
187 662
187 768
187 769
187 770
187 771
188 453
188 577
188 601
188 621
188 772
189 565
190 315
190 453
191 205
191 247
191 287
191 322
191 502
191 774
191 775
192 195
192 203
192 214
192 218
192 221
192 327
192 400
192 445
192 517
192 591
192 598
192 599
192 600
192 774
193 195
193 203
193 209
193 262
193 292
193 316
193 324
193 360
193 399
193 438
193 776
194 254
194 488
194 693
195 196
195 200
195 203
195 206
195 209
195 211
195 217
195 268
195 273
195 288
195 326
195 360
195 363
195 389
195 438
195 445
195 472
195 598
195 690
195 694
195 776
195 778
195 779
195 780
196 203
196 211
196 219
196 288
196 326
196 779
196 781
197 205
197 206
197 211
197 218
197 221
197 326
197 400
197 440
197 511
197 583
197 593
197 628
197 641
197 646
197 694
197 779
197 782
198 215
198 217
198 220
198 285
198 288
198 686
198 724
198 779
198 783
198 784
198 785
199 218
199 270
199 283
199 332
199 544
199 595
199 640
199 641
199 645
199 691
199 786
200 201
200 205
200 232
200 257
200 273
200 290
200 292
200 324
200 334
200 335
200 437
200 473
200 649
201 213
201 250
201 257
201 320
201 347
201 398
201 473
201 585
202 205
202 290
202 331
202 370
202 502
202 572
202 788
203 204
203 206
203 208
203 210
203 212
203 213
203 215
203 217
203 232
203 262
203 271
203 273
203 292
203 327
203 334
203 360
203 377
203 389
203 437
203 471
203 789
203 790
204 206
204 207
204 209
204 210
204 211
204 214
204 215
204 216
204 218
204 221
204 273
204 288
204 335
204 389
204 400
204 445
204 593
204 782
204 791
205 209
205 212
205 214
205 221
205 262
205 321
205 326
205 399
205 438
205 445
206 212
206 363
206 472
206 628
206 697
207 211
207 218
207 273
207 342
207 445
207 467
207 595
207 647
208 214
208 217
208 403
208 595
209 232
209 273
209 321
209 403
209 424
209 438
209 445
209 641
209 671
209 675
209 697
210 214
210 218
210 288
210 400
210 577
210 679
210 697
210 780
210 791
211 212
211 214
211 215
211 221
211 326
211 327
211 400
211 471
211 559
211 697
211 794
212 283
212 285
212 306
212 363
212 365
212 436
212 471
212 792
212 796
213 273
213 292
213 360
213 502
213 649
213 687
213 691
214 215
214 217
214 218
214 220
214 221
214 288
214 400
214 517
214 593
214 779
214 785
215 217
215 218
215 220
215 389
215 438
215 641
215 695
215 785
215 797
216 220
216 242
216 292
216 500
216 774
216 793
217 273
217 334
217 362
217 438
217 531
217 577
217 598
217 628
217 639
217 798
218 288
218 471
218 591
218 594
218 649
218 691
218 694
218 695
218 697
218 789
218 791
218 799
218 800
219 389
220 362
220 598
220 646
220 779
221 591
221 593
221 741
221 802
222 494
222 804
223 354
223 494
223 673
223 674
224 805
225 527
226 377
226 531
226 577
226 806
227 270
227 339
227 807
228 453
229 232
229 238
229 239
229 297
229 442
229 612
229 808
230 239
230 242
230 253
230 345
230 809
232 237
232 238
232 239
232 242
232 253
232 254
232 281
232 304
232 305
232 377
232 443
232 533
232 584
232 589
232 606
232 632
232 691
232 810
232 811
232 812
232 813
232 814
232 815
233 375
233 816
234 256
234 304
234 414
234 451
234 455
234 457
234 540
234 567
234 661
236 268
236 304
236 339
236 354
236 443
236 502
236 531
236 584
236 623
236 630
236 632
236 701
236 704
236 706
236 819
236 821
237 427
237 446
237 452
237 459
237 708
238 242
238 305
238 329
238 433
238 503
238 589
238 590
238 824
239 247
239 305
239 404
239 439
239 443
239 775
239 825
240 315
240 339
240 366
240 391
240 414
240 451
240 474
240 483
240 584
240 826
241 577
241 827
242 302
242 331
242 430
242 503
242 587
242 590
242 632
242 828
242 830
243 469
243 500
243 831
244 245
244 249
244 353
245 584
247 391
247 442
247 511
247 554
247 774
247 808
247 832
249 283
249 366
249 428
250 257
250 330
250 334
250 436
250 834
251 305
251 320
251 432
251 710
253 258
253 268
253 345
253 584
253 676
253 809
254 286
254 332
254 354
254 366
254 488
254 693
254 837
255 498
255 613
255 658
255 715
255 840
255 841
256 315
256 353
256 422
256 457
256 567
256 842
256 843
257 347
258 292
258 304
258 332
258 419
258 665
258 671
259 417
259 717
259 754
259 845
261 367
261 376
262 287
262 438
262 445
262 502
263 446
263 563
263 846
263 847
263 848
264 283
264 306
264 849
265 375
266 299
266 555
266 556
266 572
266 709
266 850
266 851
267 315
267 339
267 353
267 357
267 368
267 394
267 414
267 451
267 567
267 658
267 662
268 587
268 613
268 700
268 701
268 710
268 854
269 350
269 377
269 398
269 584
269 619
269 631
269 814
269 828
269 856
270 313
270 332
270 354
270 355
270 371
270 391
270 397
270 403
270 433
270 835
270 858
270 860
272 688
273 326
273 381
273 436
273 438
273 445
273 469
273 593
273 694
273 862
274 352
274 414
274 450
274 863
275 298
275 332
275 392
275 412
275 590
275 755
275 858
275 864
275 865
276 322
276 693
276 866
277 563
277 823
277 846
277 867
277 868
277 869
277 870
278 371
278 416
278 450
278 567
278 653
278 871
279 371
279 391
279 531
279 693
281 425
281 426
281 429
281 443
281 484
281 509
282 354
283 392
283 428
283 433
283 541
283 542
283 590
283 724
283 728
284 484
284 499
284 505
284 507
284 539
285 288
286 294
286 366
286 488
286 564
286 838
286 872
286 875
286 877
288 326
288 400
288 583
288 779
288 780
288 785
289 354
289 667
289 670
289 693
289 836
289 837
290 321
290 335
290 591
292 413
292 782
294 494
294 874
295 307
296 440
296 698
296 876
296 881
297 428
297 442
297 589
297 882
297 883
298 331
298 332
298 385
298 388
298 392
298 408
298 428
298 430
298 433
298 503
298 541
298 551
298 570
298 589
298 724
298 725
298 729
298 755
298 787
298 883
298 885
298 886
298 887
299 370
299 391
299 413
299 687
300 330
300 481
300 846
301 810
302 340
302 379
302 381
302 382
302 383
302 384
302 385
302 386
302 467
302 888
302 889
302 890
302 891
302 892
302 893
302 895
303 896
304 307
304 329
304 392
304 437
304 519
304 675
305 686
305 898
305 899
306 434
306 437
306 900
307 338
307 357
307 377
307 455
307 457
307 533
307 540
307 550
307 760
307 816
308 412
308 478
309 310
309 311
309 901
310 311
310 313
310 328
310 898
311 328
311 554
311 859
311 903
311 904
311 907
312 314
312 349
312 396
312 710
312 717
312 764
312 794
312 908
312 909
312 910
313 437
313 457
313 465
313 526
313 557
313 901
313 911
314 347
314 395
314 467
314 610
314 711
315 338
315 348
315 357
315 367
315 377
315 408
315 414
315 514
315 561
315 661
315 706
315 912
316 598
316 779
318 914
319 320
319 322
319 325
320 321
320 322
320 323
320 324
320 362
320 428
320 434
320 441
321 324
321 389
321 399
321 437
321 438
321 567
321 914
321 916
322 696
323 324
323 371
323 665
324 327
324 362
325 628
325 680
325 917
326 389
326 400
326 577
326 591
326 594
327 362
328 330
328 331
328 332
328 334
328 354
328 383
328 414
328 419
328 432
328 541
328 542
328 580
329 374
329 377
329 710
329 880
329 918
330 332
330 383
330 422
330 432
330 563
330 774
331 380
331 382
331 388
331 392
331 395
331 433
331 503
331 542
331 590
331 723
331 729
331 894
331 919
332 335
332 336
332 363
332 383
332 389
332 409
332 419
332 433
332 465
332 469
332 488
332 512
332 544
332 563
332 573
332 640
332 742
332 860
332 869
332 920
332 921
333 353
333 375
333 456
333 607
333 611
333 633
333 809
333 923
333 924
334 531
334 542
334 649
334 925
335 468
335 619
336 355
336 382
336 408
336 467
336 502
336 777
336 926
337 353
337 428
337 586
337 602
337 637
337 660
338 339
338 343
338 367
338 553
338 564
338 575
338 760
338 929
338 930
338 931
338 932
339 353
339 361
339 364
339 657
339 760
339 845
339 933
339 934
340 356
340 363
340 370
340 379
340 381
340 384
340 392
340 412
340 415
340 511
340 570
340 577
340 883
340 888
340 889
340 891
340 895
340 907
340 936
341 880
342 399
342 445
342 697
343 414
343 465
343 540
343 548
343 563
343 567
343 659
343 676
344 349
345 367
345 374
345 398
345 417
346 742
346 745
346 747
346 939
346 940
346 941
346 942
346 943
346 944
346 945
347 444
347 584
348 361
348 522
348 946
349 365
349 710
349 947
350 367
350 631
350 726
350 828
350 843
350 869
351 561
351 653
351 655
351 659
351 768
351 949
351 950
351 951
352 391
352 500
352 537
352 567
353 355
353 364
353 367
353 370
353 504
353 719
353 858
353 929
353 954
354 355
354 356
354 366
354 391
354 401
354 415
354 488
354 500
354 531
354 665
354 667
354 670
354 690
354 692
354 693
354 837
354 955
354 957
355 388
355 391
355 409
355 413
355 467
355 542
355 585
355 589
355 590
355 723
355 724
355 744
355 746
355 749
355 904
355 945
355 959
355 960
356 382
356 890
356 895
357 377
357 424
357 514
357 547
357 749
357 768
357 920
358 520
358 710
358 764
359 360
359 471
360 399
360 435
360 795
361 431
361 465
361 543
361 962
362 440
362 785
364 368
364 766
364 953
366 467
366 488
366 494
366 531
366 671
366 674
366 686
366 687
366 766
366 837
366 878
366 963
366 964
366 965
367 368
367 371
367 414
367 659
367 863
367 952
367 961
368 451
368 578
368 953
369 394
369 416
370 415
370 735
371 377
371 466
371 537
371 729
372 428
374 390
375 377
375 396
375 402
375 416
375 420
375 428
375 453
375 456
375 609
375 629
375 633
375 733
375 966
375 967
375 968
375 969
375 970
376 428
376 584
376 971
377 389
377 390
377 412
377 466
377 584
377 647
377 660
377 661
377 712
377 752
377 973
378 808
379 380
379 381
379 384
379 386
379 783
380 381
380 382
380 383
380 384
380 386
380 392
380 412
380 503
380 551
380 590
380 783
380 889
380 891
381 382
381 384
381 385
381 386
381 577
381 592
381 783
381 889
381 935
381 976
382 385
382 386
382 503
382 883
383 384
383 385
383 386
383 392
383 406
383 408
383 542
383 577
383 783
383 795
383 891
383 895
383 937
384 385
385 386
385 503
385 729
386 937
387 395
387 403
387 590
387 858
387 889
387 957
388 409
388 412
388 433
388 541
388 551
388 570
388 723
388 728
388 755
388 787
388 808
388 884
388 885
388 887
388 977
389 445
389 583
389 780
389 785
389 801
390 417
390 457
390 751
390 834
390 839
390 978
391 845
391 952
392 438
392 442
392 503
392 729
392 891
392 893
392 894
392 975
392 980
392 981
394 660
394 752
394 766
394 845
395 503
395 541
395 551
395 570
395 723
395 742
395 744
395 747
395 755
395 942
395 943
395 957
395 984
395 985
396 420
396 456
397 755
397 957
398 571
398 700
398 839
399 580
400 440
400 697
400 698
400 801
400 986
401 433
401 656
401 904
401 987
401 988
402 467
402 544
402 577
402 967
403 433
403 989
404 428
405 406
405 730
406 407
406 409
406 729
406 774
406 990
406 991
407 645
407 724
407 730
407 774
407 903
407 907
408 410
408 430
408 433
408 590
408 725
408 858
409 410
409 412
409 430
409 433
409 542
409 725
409 787
409 891
409 936
409 992
410 551
410 772
411 412
411 551
411 589
411 723
411 725
411 742
411 744
411 942
412 551
412 589
412 723
412 982
413 748
414 506
414 534
414 537
414 548
414 567
414 661
414 704
414 826
414 913
415 572
416 456
416 749
416 871
417 483
417 522
417 604
417 754
418 459
418 485
418 563
418 847
419 542
419 573
419 774
420 608
421 563
421 823
422 996
424 816
424 839
424 928
426 475
426 499
426 506
426 507
426 508
426 907
426 997
426 998
426 999
428 519
428 542
428 545
428 553
428 631
428 774
428 883
428 897
428 918
428 1001
429 484
429 496
429 498
429 499
429 509
430 755
430 891
431 609
431 821
431 906
431 931
431 1004
432 542
432 686
433 467
433 503
433 539
433 541
433 570
433 635
433 686
433 787
433 884
433 885
433 886
433 887
436 438
437 500
437 724
437 728
438 1005
439 443
440 516
440 583
440 698
440 805
440 881
442 443
442 503
442 538
442 748
442 774
442 808
442 833
444 447
444 460
444 585
444 587
445 467
445 593
445 640
445 694
446 474
446 476
446 481
446 483
446 815
446 995
446 1006
448 455
449 458
449 730
450 499
450 506
450 661
450 835
450 949
451 455
451 514
451 587
451 651
451 653
451 655
451 661
451 662
451 687
451 913
451 1008
451 1009
452 563
453 463
453 577
453 597
453 620
453 621
453 622
453 623
453 624
453 703
453 707
453 820
453 1011
453 1012
453 1013
454 514
454 587
454 653
454 659
455 816
456 467
457 602
457 631
457 706
457 839
457 1000
457 1014
458 839
458 841
458 1016
458 1017
458 1018
459 470
459 476
459 483
459 485
459 486
459 512
459 532
459 847
459 994
459 1001
459 1019
459 1020
459 1021
459 1022
459 1023
459 1024
459 1025
459 1026
460 631
461 817
461 989
461 1008
463 602
463 624
463 773
463 820
463 1012
463 1028
464 544
465 522
465 548
465 710
465 1029
466 467
466 469
466 587
466 659
466 768
466 769
466 818
466 951
466 1009
467 551
467 557
467 572
467 648
467 835
467 911
467 1031
467 1032
469 500
469 520
469 835
470 512
470 756
470 807
470 847
470 1033
471 695
474 482
474 553
474 708
474 848
474 1006
474 1019
474 1034
475 479
475 507
475 756
476 485
476 932
476 994
476 995
476 1035
477 563
478 479
478 848
478 956
478 1036
479 674
479 810
479 995
479 1036
480 553
480 662
480 690
480 705
480 708
480 846
480 1037
480 1038
481 848
481 867
481 994
482 486
482 496
482 498
482 521
482 563
482 606
482 708
482 868
482 994
482 1007
482 1021
482 1034
482 1039
482 1041
483 485
483 548
483 563
483 708
483 869
483 870
483 994
483 1023
484 509
484 604
485 512
485 564
485 756
485 847
485 921
485 1019
485 1022
486 563
486 756
486 1025
486 1043
486 1044
488 494
488 688
488 693
488 873
488 877
489 490
490 496
490 521
490 606
490 1040
494 667
494 688
494 693
494 805
494 873
494 874
494 877
494 1046
495 978
496 606
496 1040
497 498
497 699
497 763
497 1047
498 700
498 1000
499 505
499 506
499 507
499 606
499 729
500 637
500 642
500 659
500 817
500 820
502 504
502 650
503 548
503 551
503 725
503 729
503 832
503 891
503 892
503 894
504 572
504 735
504 740
505 508
505 524
506 508
506 516
506 539
506 561
506 889
506 941
507 508
507 510
507 717
507 754
508 520
508 1049
511 697
511 774
511 832
511 888
511 895
511 903
511 907
511 991
511 1050
512 807
512 847
512 1033
513 1051
514 770
517 531
517 591
517 593
517 598
517 599
517 600
517 835
520 577
520 710
520 764
520 1015
522 527
522 569
522 764
523 577
526 901
526 911
526 1053
527 548
527 764
528 557
528 902
529 949
530 880
531 653
531 679
531 686
531 704
531 830
531 1054
532 611
532 756
534 1055
537 1056
540 548
540 1008
541 551
541 724
541 725
541 728
541 832
541 885
541 887
542 557
542 580
542 708
542 720
544 580
544 640
544 708
545 568
545 1052
545 1057
548 550
548 563
548 567
548 764
548 830
548 1058
551 570
551 589
551 728
551 729
551 787
551 883
551 884
551 885
551 886
552 567
552 662
552 852
552 1060
553 563
553 564
553 823
553 848
553 868
553 1006
553 1061
554 591
554 686
554 1008
555 572
556 572
556 719
556 720
557 901
557 911
557 1053
558 740
560 859
560 901
560 1053
560 1064
560 1065
561 577
561 587
561 653
561 659
561 676
561 768
563 577
563 659
563 761
563 807
563 823
563 847
563 867
563 868
563 956
563 994
563 995
563 1025
564 815
564 1037
565 566
565 881
567 655
567 659
567 953
567 1060
568 668
570 725
570 755
570 885
570 886
570 887
571 611
571 658
571 959
572 709
572 850
577 603
577 610
577 714
577 810
577 865
577 890
577 1066
577 1067
577 1068
577 1070
578 843
580 685
581 756
583 698
583 779
583 805
584 662
584 676
584 690
584 705
584 982
585 637
585 882
586 1030
586 1071
587 653
587 654
587 655
587 659
587 686
587 768
587 769
587 771
587 818
587 950
587 951
587 952
587 953
588 661
589 590
589 723
589 729
589 742
589 743
589 747
589 755
589 939
589 944
589 960
590 723
590 724
590 725
590 742
590 743
590 745
590 944
591 593
591 594
591 649
591 724
592 694
592 1074
592 1075
593 598
593 599
593 647
594 724
595 785
596 597
597 620
597 622
597 714
597 740
597 924
597 952
597 1031
597 1061
598 785
599 724
599 741
599 964
600 1045
602 620
602 629
602 740
602 854
605 871
607 633
607 923
607 984
608 871
609 611
609 966
609 1077
609 1078
610 1000
611 922
611 967
611 1079
611 1080
611 1082
611 1083
612 1018
613 699
620 736
621 1012
628 639
628 682
629 871
632 729
633 871
633 923
633 1077
635 736
637 676
640 641
640 642
640 644
640 645
641 642
642 644
646 782
646 785
646 786
647 791
649 697
652 852
653 655
653 659
653 768
653 771
655 768
656 660
656 751
656 824
656 978
657 934
657 1087
658 852
659 663
659 676
659 768
659 771
659 961
659 1059
660 703
660 753
660 983
660 1083
661 714
662 705
662 1089
663 1090
664 989
667 879
670 777
670 835
674 693
674 874
674 1046
679 1092
686 691
686 697
686 702
686 703
686 1000
686 1066
687 883
688 693
690 705
690 852
690 974
692 1085
693 1093
694 785
696 774
696 789
697 789
698 805
698 878
698 1094
699 839
700 839
700 1095
702 782
703 774
704 995
704 1096
705 754
705 846
705 993
705 1037
705 1038
705 1042
706 824
706 852
706 953
708 815
708 848
708 1037
709 731
709 732
709 850
710 860
710 899
711 794
713 987
713 1098
717 811
722 736
723 745
723 746
723 939
723 944
723 957
723 1099
724 725
724 728
724 786
725 755
725 787
725 884
725 887
727 730
727 975
727 991
727 1002
728 858
729 980
729 982
730 973
730 991
733 820
735 936
741 964
742 745
742 943
742 944
743 744
743 745
743 782
744 745
744 939
744 944
745 747
745 944
747 939
747 1074
749 871
752 753
753 811
755 774
755 787
755 884
755 885
755 886
756 807
756 847
756 1019
756 1024
756 1044
760 929
760 934
764 794
764 821
764 1101
767 1102
768 769
769 818
769 974
769 1072
770 952
770 1103
772 975
773 895
774 832
774 833
774 883
779 785
782 785
783 884
783 935
787 884
787 886
787 887
792 1004
792 1066
792 1068
792 1077
793 808
794 902
794 1065
801 1105
806 849
807 847
807 1022
807 1033
807 1096
808 832
808 833
810 956
810 1036
811 845
815 822
815 848
817 989
818 951
818 952
818 1057
819 852
821 1052
823 867
823 869
823 1035
823 1106
830 975
833 1107
835 858
835 1009
835 1108
835 1109
835 1110
836 837
836 879
839 979
846 1034
846 1097
847 1033
847 1044
847 1097
848 1034
848 1042
852 928
853 868
854 867
854 868
854 870
854 922
858 1112
859 906
859 962
859 1004
860 987
860 1049
864 975
868 1111
869 870
869 1034
873 1114
884 885
884 886
884 887
885 886
886 887
888 935
889 977
889 1116
890 895
890 906
893 894
893 919
893 975
893 980
893 981
893 982
894 975
894 980
894 982
895 923
895 935
897 1117
898 899
901 911
903 1050
906 910
906 1003
906 1004
906 1068
907 1002
909 1004
909 1066
909 1077
909 1104
911 1053
911 1064
911 1065
918 1118
919 980
919 982
921 1001
922 1022
923 984
927 1061
930 1010
930 1120
931 962
931 1004
934 986
934 1086
939 945
940 941
949 951
953 961
956 994
957 985
957 1062
967 1079
975 980
975 982
979 1067
980 1123
987 1049
988 1049
991 1002
994 1025
994 1042
994 1111
996 1122
1000 1048
1000 1125
1003 1004
1003 1066
1003 1068
1003 1104
1004 1068
1004 1104
1008 1126
1016 1067
1018 1067
1022 1127
1023 1096
1031 1068
1031 1077
1034 1038
1034 1042
1034 1097
1038 1042
1042 1097
1044 1111
1065 1104
1066 1069
1066 1077
1066 1104
1068 1069
1068 1077
1068 1104
1069 1104
1072 1129
1077 1078
1079 1083
1086 1131
1087 1088
1097 1111
