0 1
2 1
1 3
4 3
5 6
7 5
5 8
5 9
8 10
8 11
12 13
13 14
8 15
16 17
17 18
18 19
19 20
19 21
19 22
23 24
19 25
26 25
27 25
28 25
4 29
30 31
32 33
34 35
23 35
35 36
36 37
38 3
39 40
41 42
43 42
44 42
18 45
46 45
42 45
47 48
45 48
49 50
51 3
52 51
53 54
55 56
56 57
58 59
5 60
61 62
53 62
63 64
65 64
66 64
66 67
64 68
50 69
70 71
72 71
73 71
74 71
75 71
71 76
17 77
78 77
79 80
24 80
81 80
82 80
59 80
83 80
83 84
85 52
86 39
87 52
88 65
89 48
90 91
90 55
92 53
92 62
93 94
95 49
95 96
97 98
89 99
99 100
99 101
102 94
102 103
104 6
104 31
105 106
107 108
107 74
85 107
106 107
70 109
109 80
110 76
96 110
111 110
112 110
113 110
114 13
114 15
115 72
115 71
116 80
117 34
118 72
118 29
115 118
119 118
120 108
121 120
107 120
119 120
118 120
122 18
120 122
123 18
122 123
119 124
125 126
127 128
117 129
8 130
130 91
131 126
93 131
102 131
132 103
119 133
134 135
124 134
136 103
127 137
138 137
129 137
139 37
139 40
137 139
140 141
139 140
137 142
143 19
137 143
139 143
137 144
139 145
146 15
147 148
149 73
150 149
149 151
150 152
153 148
154 23
154 35
155 54
156 155
157 155
158 25
158 76
155 158
159 94
159 64
138 160
139 160
161 141
161 74
86 161
162 103
102 162
163 30
153 163
164 64
88 164
165 164
165 166
165 167
168 24
133 168
169 28
169 57
170 169
171 169
172 169
173 53
87 174
120 174
157 175
173 175
176 38
142 177
161 177
12 178
127 178
179 54
133 179
149 179
93 180
125 180
143 181
180 181
182 31
138 182
128 182
183 64
128 184
147 184
185 103
185 64
132 185
136 185
186 14
186 57
166 186
169 187
185 187
188 189
185 189
186 189
190 78
124 190
191 72
93 192
183 192
193 3
193 29
193 80
98 193
119 193
176 193
166 194
89 195
99 195
110 195
193 195
194 195
196 3
109 196
197 38
85 198
198 199
198 200
198 201
202 49
95 202
203 202
204 23
204 60
205 204
206 60
207 206
86 208
209 208
210 211
212 61
210 212
213 212
214 215
206 215
157 216
211 216
175 217
214 217
210 218
156 218
219 218
175 220
219 220
221 33
221 50
222 23
138 222
124 223
224 223
110 225
209 226
116 226
226 227
228 229
230 231
232 233
234 233
235 236
237 236
238 239
240 239
239 241
242 243
234 244
245 246
244 246
247 248
248 249
248 250
251 250
252 253
254 255
256 255
257 255
258 255
255 259
237 260
261 260
262 263
261 264
231 265
242 265
264 265
266 265
243 267
265 267
268 269
247 270
240 271
239 271
272 273
274 275
261 276
264 276
265 277
276 277
234 278
279 278
280 278
243 281
282 281
278 281
283 284
285 284
261 286
264 286
276 286
287 286
237 288
260 288
265 288
289 288
282 290
267 290
288 290
291 292
293 294
285 294
244 295
282 296
295 296
237 297
260 297
237 298
261 298
260 298
264 298
276 298
286 298
288 298
297 298
299 300
300 301
229 302
267 302
281 302
291 302
290 302
301 302
238 303
304 303
240 305
305 306
307 308
306 308
239 309
305 309
294 310
255 311
275 311
312 311
300 313
229 314
314 315
242 316
233 317
316 317
228 318
319 318
248 320
262 320
263 320
321 322
279 322
278 322
273 323
303 323
229 324
241 324
302 324
323 324
323 325
325 326
285 327
294 327
328 327
327 329
330 331
299 331
278 332
331 332
249 333
296 333
249 334
296 334
253 335
329 335
247 336
251 336
337 336
230 338
268 338
270 338
320 339
340 339
341 339
338 339
342 343
319 343
228 344
343 344
330 345
319 345
331 345
343 345
301 346
345 346
317 347
342 348
237 349
244 349
260 349
321 350
351 350
253 352
255 352
275 352
281 352
350 352
231 353
231 354
231 355
277 355
231 356
265 356
240 357
244 358
295 358
247 359
336 359
240 360
305 360
357 360
234 361
257 362
322 363
343 364
239 365
347 366
234 367
279 367
361 367
368 367
314 369
328 370
244 371
349 371
247 372
373 374
375 376
377 376
376 378
379 380
380 381
374 382
380 383
375 384
382 384
382 385
385 386
385 387
385 388
385 389
381 390
391 390
390 392
393 394
381 395
394 395
396 397
380 398
390 399
400 399
401 402
401 403
404 405
384 406
385 407
408 409
406 409
407 409
380 410
381 411
402 411
412 411
374 413
407 413
411 413
413 414
373 415
416 417
404 417
410 417
394 418
398 418
418 419
418 420
390 421
422 421
381 423
390 423
419 423
424 425
397 425
390 426
427 426
428 426
417 429
430 429
383 431
429 431
412 432
404 433
412 433
373 434
376 434
376 435
415 435
374 436
382 436
413 436
437 438
404 439
375 440
397 440
401 441
442 441
440 443
373 444
373 445
444 445
397 446
406 446
383 447
394 447
401 448
442 448
445 448
394 449
447 449
421 450
451 450
373 452
401 452
443 453
401 454
432 454
438 455
446 455
431 456
438 457
453 457
401 458
432 458
439 458
404 459
417 459
454 459
415 460
444 460
418 461
428 461
462 461
463 464
428 464
465 466
467 468
466 469
468 469
470 471
468 471
466 472
473 472
474 475
472 475
475 476
474 477
475 477
471 478
479 478
467 480
469 481
472 481
480 481
474 482
476 482
474 483
484 69
472 484
483 484
475 485
480 485
467 486
475 486
203 487
484 487
488 489
490 491
492 491
493 494
493 495
496 497
498 499
500 499
501 499
497 499
99 502
503 502
491 504
504 505
504 506
507 508
505 509
509 510
506 511
509 511
511 512
504 513
507 513
513 514
493 515
516 517
517 518
493 519
515 519
520 521
522 521
521 523
521 524
521 525
521 526
521 527
528 529
526 529
527 529
520 530
522 530
531 532
513 532
533 532
489 534
532 534
493 535
515 535
525 535
531 536
493 536
519 536
532 536
535 536
532 537
530 538
530 539
533 540
537 540
538 540
539 540
491 541
513 541
517 542
530 543
542 543
516 544
530 544
545 546
526 546
527 546
547 546
543 548
541 549
542 549
548 549
491 550
513 550
520 551
552 551
526 551
522 553
552 553
527 553
513 554
532 554
555 554
523 556
524 556
489 557
502 557
514 557
556 557
528 558
528 559
489 560
513 560
516 561
562 563
564 565
565 566
565 567
568 569
567 569
570 571
572 573
572 574
575 576
563 577
572 577
577 578
577 579
580 581
575 581
581 582
581 583
581 584
581 585
581 586
587 588
588 589
588 590
591 592
563 593
594 593
592 593
592 595
565 596
596 597
569 598
597 598
599 600
571 601
602 601
598 603
581 604
605 606
571 607
608 607
564 609
568 610
603 610
577 611
612 611
575 613
614 613
615 616
616 617
618 617
598 619
620 619
600 621
616 621
622 621
564 623
596 623
623 624
625 626
565 627
627 628
619 629
626 629
630 629
631 632
567 633
606 634
621 634
635 634
633 634
607 636
637 636
638 639
581 639
588 639
592 639
589 640
611 640
641 640
642 640
639 640
638 643
638 644
592 645
646 645
647 648
649 648
589 650
651 650
567 652
601 653
607 653
616 653
652 653
571 654
636 654
655 656
567 657
656 657
657 658
657 659
598 660
661 660
571 662
663 662
567 664
633 664
652 664
621 665
662 665
664 665
664 666
664 667
621 668
634 668
665 668
669 668
626 670
665 670
671 670
616 672
636 672
673 672
588 674
645 674
675 674
572 676
650 676
664 677
676 678
678 679
613 680
639 680
680 681
682 683
596 684
647 685
661 685
665 685
684 685
686 685
571 687
627 688
689 688
577 690
691 692
607 693
665 693
655 694
691 694
694 695
640 696
697 696
655 698
656 698
688 698
698 699
700 701
616 702
653 702
703 702
704 705
706 705
701 705
707 705
593 708
696 708
709 708
708 710
704 711
600 711
617 711
621 711
632 711
634 711
706 711
705 711
712 711
633 713
652 713
664 713
676 713
678 713
711 713
705 714
655 715
682 715
715 716
638 717
672 718
719 718
685 720
721 720
606 722
720 722
723 722
640 724
676 724
725 724
726 727
728 729
730 731
729 731
729 732
731 733
727 734
726 735
727 736
734 736
734 737
735 738
736 739
727 740
736 740
741 740
742 740
740 743
728 744
729 745
744 745
728 746
744 746
747 746
726 748
749 750
751 752
753 754
755 754
756 757
758 757
754 757
754 759
750 760
734 761
736 762
729 763
748 763
744 764
746 764
728 765
766 767
746 767
760 768
767 768
749 769
767 769
767 770
755 771
754 772
762 772
771 772
742 773
746 774
765 774
767 774
775 774
740 776
769 776
773 776
777 778
778 779
765 780
780 781
755 782
767 783
784 783
769 785
785 786
731 787
749 788
752 788
767 788
789 788
773 788
776 788
729 790
779 790
780 790
734 791
735 791
788 792
793 792
780 794
794 795
778 796
797 796
743 798
743 799
745 800
748 800
764 800
727 801
731 801
748 801
801 802
760 803
803 804
804 805
750 806
805 806
788 807
795 808
796 808
743 809
757 809
743 810
757 810
811 812
503 813
814 813
812 815
503 816
817 816
815 818
819 818
815 820
821 820
813 822
823 824
824 825
826 827
811 828
814 829
828 830
830 831
831 832
822 833
823 833
834 833
819 835
836 835
837 835
817 838
839 838
835 838
838 840
814 841
835 842
830 843
838 843
842 843
844 845
835 845
819 846
844 846
844 847
835 847
835 848
842 848
828 849
834 849
819 850
817 851
817 852
817 853
830 854
822 855
822 856
834 857
819 858
859 860
814 861
829 861
859 862
832 863
830 864
842 865
859 865
866 867
842 868
848 868
867 868
830 869
868 869
841 870
855 870
858 870
832 871
832 872
832 873
832 874
819 875
835 875
865 875
821 876
862 876
866 877
859 877
830 878
860 878
877 878
817 879
853 879
860 879
821 880
876 880
879 880
858 881
879 881
836 882
853 883
830 884
834 884
864 884
858 885
834 886
866 886
887 886
817 888
829 888
817 889
817 890
817 891
839 892
839 893
839 894
817 895
831 896
830 897
897 898
899 898
900 898
897 901
902 901
903 901
817 904
817 905
848 906
906 907
908 907
909 907
906 910
911 910
912 910
855 913
862 913
870 913
885 913
886 913
856 914
862 914
887 914
886 914
913 914
857 915
862 915
883 915
867 916
886 916
817 917
918 919
918 920
921 922
923 924
920 925
925 926
927 928
928 929
926 930
930 931
932 933
932 934
933 935
934 935
936 937
921 938
923 939
939 940
926 941
942 941
923 943
933 944
932 945
946 947
947 948
949 950
918 951
919 951
934 952
935 953
952 953
938 954
947 954
955 954
936 956
935 957
42 958
958 959
960 961
937 962
963 962
923 964
964 965
946 966
966 967
57 968
966 968
969 970
971 972
942 973
944 973
972 973
925 974
975 974
928 976
951 976
952 977
169 978
948 978
968 978
972 979
974 980
981 935
982 977
982 983
984 927
985 927
985 957
983 985
986 929
986 941
986 950
986 978
985 986
985 987
985 988
985 989
990 921
990 956
990 991
992 937
992 970
990 992
993 991
994 969
993 994
995 996
995 925
985 995
997 939
997 960
998 924
997 998
998 999
1000 1001
1002 947
1002 951
1002 954
1003 1002
1004 1002
1000 1005
1006 936
1006 1007
1008 936
1008 1007
1009 945
1010 949
1010 953
981 1010
985 1010
1009 1010
1010 1011
1012 927
1012 928
1012 976
1003 1012
1013 45
1013 170
1013 937
1013 969
1014 1013
1015 1007
1001 1015
1015 1016
1013 1017
1018 934
1018 1019
1018 979
1018 1020
1021 924
1021 958
1022 953
985 1022
1013 1023
1013 1024
1013 1025
1026 1027
1028 933
1010 1028
1029 991
993 1029
1026 1029
984 1030
1010 1030
1001 1031
1005 1031
1015 1031
1032 932
1032 971
1032 972
1033 932
1033 1019
1034 942
1034 973
985 1034
1020 1034
1035 921
1035 938
1035 939
1035 964
1001 1035
1005 1035
1006 1035
1008 1035
1036 924
1035 1036
1037 45
1037 937
1016 1037
1035 1037
1038 996
1039 956
1039 970
170 1040
1040 943
1040 960
1041 936
990 1041
1026 1041
1042 950
1042 978
986 1042
1043 929
1037 1043
1005 1044
1006 1044
1008 1044
1031 1044
1045 1046
1045 1047
1048 1049
1050 1051
1052 1053
1054 1055
1056 1057
1058 1057
1059 1060
1061 1062
1061 1063
1062 1064
1063 1064
1063 1065
1049 1066
1062 1066
1064 1066
1065 1066
1066 1067
1068 1069
1068 1070
1062 1071
1072 1071
1073 1074
1074 1075
1076 1077
1078 1079
1080 1081
1081 1082
1065 1083
1084 1085
1086 1087
1088 304
1049 1088
1089 1088
1090 1091
1092 796
1092 808
1093 414
1094 1095
1094 1096
1097 1098
1081 1099
1082 1100
1099 1100
1099 1101
1099 1102
1103 1104
1079 1105
1081 1105
1080 1106
1107 1108
1109 1108
1110 1111
1112 1113
1114 1115
1056 1116
1117 1116
1048 1118
1115 1119
1091 1120
1121 1120
1065 1122
1066 1123
1109 1123
1116 1123
1122 1123
1108 1124
1123 1124
1123 1125
1126 1127
1116 1127
1128 1127
1127 1129
1127 1130
1131 1132
1088 1132
1069 1133
1134 267
1133 1134
1080 1135
1081 1136
1137 1138
1139 1140
1141 1142
1143 1144
1145 1144
1146 1147
1054 1148
1147 1148
1055 1149
1148 1149
1074 1150
1151 1152
1052 1153
1052 1154
1113 1154
1153 1154
1155 1156
1157 1138
1127 1157
1130 1157
1158 1159
1158 1160
1109 1161
1162 1161
1054 1163
1164 1165
1165 1166
1167 1168
1169 778
1170 399
1171 1170
1058 1172
1063 1173
1115 1174
1175 1176
1063 1177
1178 1179
1180 1179
1073 1179
1179 1181
1078 1182
1141 1182
1183 798
1184 799
1185 731
1185 785
1183 1186
1184 1186
1185 1186
1144 1187
1188 1187
1189 1190
1190 1191
1192 1193
1194 1193
1083 1195
1121 1196
1197 1198
1199 1200
1201 1200
1059 1202
1124 1202
1148 1203
1192 1203
1204 1205
1206 463
1081 1207
1173 1208
1160 1209
1210 1209
1176 1211
1212 1211
1207 1213
1214 785
1214 1215
1115 1216
1119 1216
1217 1216
1179 1218
1219 1220
1133 1221
1082 1222
1200 1222
1202 1222
1223 1222
1053 1224
1225 1224
1226 1227
1228 1229
1228 1230
1091 1231
1111 1231
1076 1232
1077 1233
1232 1233
1232 1234
1234 1235
1054 1236
1236 1237
1111 1238
1239 1238
1072 1240
1241 1242
1243 1242
1244 1242
1245 1246
1198 1247
1174 1248
1214 1248
1249 1250
1251 1252
1253 421
1210 1253
1254 1253
1120 1255
1256 1255
1052 1257
1258 1257
1259 1260
1257 1260
1256 1261
1209 1262
1250 1262
1263 1262
1059 1264
1202 1264
1250 1264
1265 1264
1231 1266
1201 1267
1200 1267
1266 1267
1127 1268
1157 1268
1269 1268
1235 1268
1268 1270
1271 1272
1272 1273
1055 1274
1059 1274
1199 1274
1222 1274
1237 1274
1054 1275
1275 1276
1268 1277
1081 1278
1279 1280
1116 1281
1081 1282
1197 1282
1282 1283
1284 1285
1181 1285
1213 1285
1286 1285
1285 1287
1285 1288
1193 1289
1255 1289
1201 1290
1149 1290
1289 1290
1048 1291
1259 1292
1280 1292
1293 1294
1075 1294
1191 1294
1295 1294
1296 1297
1298 1299
1078 1300
1282 1300
1108 1301
1134 1301
1302 1301
1302 1303
1071 1304
1210 1304
1305 1304
1259 1306
1292 1306
1307 1306
1168 1308
1295 1308
1155 1309
1310 1311
1210 1311
1309 1311
1254 1312
1061 1313
1232 1314
1066 1315
1096 1315
1214 1315
1242 1315
1315 1316
1196 1317
1296 1318
1297 1318
1126 1319
1318 1319
1162 1320
1259 1321
1229 1321
1322 1321
1321 1323
1322 1324
1159 1325
1305 1325
1312 1325
1082 1326
1202 1326
1283 1326
1061 1327
1294 1328
1329 1328
1053 1330
1323 1330
1331 1330
1224 1332
1274 1332
1326 1332
1333 1332
1282 1334
1333 1334
1335 1336
1238 1337
1071 1338
1315 1338
1339 1338
1337 1340
1341 1340
1200 1342
1340 1342
1205 1343
1204 1344
1070 1345
1133 1346
1345 1346
1327 1347
1208 1348
1294 1349
1350 1349
1294 1351
1352 1351
1341 1353
1354 1353
1146 1355
1261 1355
1347 1356
1327 1357
1339 1357
1356 1357
1064 1358
1096 1358
1357 1358
1359 790
1185 1359
1214 1359
1128 1360
1129 1360
1330 1360
1354 1361
1362 1363
1278 1364
1337 1364
1363 1364
1148 1365
1366 1365
1246 1367
1225 1368
1369 1370
1371 1370
1123 1372
1349 1372
1373 1374
1116 1374
1152 1374
1281 1374
1375 1374
1376 1374
1366 1377
1050 1378
1051 1379
1368 1379
1378 1379
1061 1380
1208 1380
1078 1381
1336 1381
1364 1381
1382 1381
1200 1383
1381 1383
1384 427
1285 1384
1172 1385
1350 1385
1254 1386
1309 1386
1387 1386
1305 1388
1066 1389
1088 1389
1390 1389
1391 1392
1179 1393
1220 1393
1391 1393
1264 1394
1287 1394
1392 1394
1105 1395
1396 1397
1234 1397
1314 1397
1143 1398
1268 1398
1397 1398
1123 1399
1294 1399
1350 1400
1401 1402
1400 1402
1163 1403
1079 1404
1405 1404
1403 1404
1274 1406
1404 1406
1046 1407
1047 1407
1321 1407
1330 1408
1407 1408
1251 1409
1271 1409
1070 1409
1272 1409
1069 1410
1273 1410
1411 1410
1409 1410
1303 1412
1245 1413
1309 1413
1388 1413
1204 1414
1230 1414
1321 1414
1098 1415
1333 1415
1334 1415
1108 1416
1152 1416
1087 1417
1379 1417
1087 1418
1379 1418
1378 1419
1417 1420
1419 1420
1418 1421
1419 1421
1259 1422
1280 1422
1059 1423
1085 1423
1199 1423
1222 1423
1287 1423
1424 1425
1143 1426
1187 1426
1411 1426
1412 1426
1425 1426
1302 1427
1398 1427
1143 1428
1235 1428
1427 1428
1232 1429
1314 1429
1430 1429
1431 1429
1130 1432
1137 1432
1269 1432
1277 1432
1433 1434
1054 1435
1142 1435
1367 1436
1164 1437
1324 1437
1225 1438
1415 1438
1296 1439
1104 1440
1441 1440
1440 1442
1093 1443
1267 1443
1342 1443
1061 1444
1212 1444
1348 1444
1445 1444
1446 1447
1448 550
1449 550
1193 1450
1289 1450
1126 1451
1127 1451
1433 1451
1434 1451
1360 1452
1451 1452
1259 1453
1127 1453
1433 1453
1433 1454
1321 1454
1067 1455
1160 1455
1186 1455
1215 1455
1296 1456
1232 1456
1234 1456
1318 1456
1074 1457
1458 1457
1106 1459
1097 1460
1461 1460
1164 1462
1331 1462
1065 1463
1083 1463
1052 1464
1438 1464
1052 1465
1368 1465
1087 1466
1326 1467
1466 1467
1119 1468
1241 1468
1294 1469
1470 1469
1251 1471
1066 1472
1132 1472
1117 1473
1474 1473
1369 1473
1370 1473
1056 1475
1116 1475
1294 1475
1470 1475
1202 1476
1475 1476
1305 1477
1180 1478
1479 1478
1310 1480
1170 1480
1475 1480
1480 1481
1475 1482
1294 1483
1484 1483
1458 1485
1400 1485
1121 1486
1139 1487
1486 1487
1152 1488
1489 1488
1490 1488
1369 1491
1376 1491
1236 1492
1493 1492
1177 1494
1212 1494
1066 1495
1123 1495
1494 1495
1441 1496
1400 1496
1401 1497
1150 1498
1498 1499
1076 1500
1296 1500
1318 1500
1439 1500
1373 1501
1127 1501
1433 1501
1454 1501
1500 1501
1194 1502
1256 1502
1500 1503
1098 1504
1258 1505
1379 1505
1447 1505
1165 1506
1500 1506
1404 1507
1493 1507
1330 1508
1330 1509
1270 1510
1301 1510
1360 1510
1124 1511
1360 1511
1416 1511
1476 1511
1045 1512
1513 1514
1515 1516
1404 1517
1516 1517
1087 1518
1328 1518
1519 1520
1521 1520
1054 1522
1271 1523
1424 1523
1297 1524
1318 1524
1293 1525
1499 1525
1112 1526
1527 1528
1256 1529
1317 1529
1461 1530
1052 1531
1531 1532
1531 1533
1228 1534
1535 1534
1536 1537
1078 1538
1538 1539
1540 1541
1092 1542
1189 1543
1544 1545
1285 1545
1285 1546
1544 1547
1547 1548
1143 1549
1228 1550
1490 1551
1552 1551
1339 1553
1542 1553
1179 1554
1555 1554
1516 1556
1419 1557
1558 1557
1549 1559
1560 1559
1561 1562
1513 1563
1097 1564
1197 1565
1373 1566
1514 1567
1568 1569
1519 1570
1537 1571
1259 1572
1259 1573
1574 1573
1459 1575
1105 1576
1577 1576
1578 1576
1576 1579
1063 1580
1327 1580
1048 1581
1228 1582
1568 1583
1254 1584
1309 1584
1065 1585
1295 1586
1543 1586
1348 1587
1494 1587
1227 1588
1291 1588
1516 1589
1121 1590
1512 1591
1592 1593
1594 1593
1123 1595
1179 1596
1597 1598
1433 1599
1522 1600
1601 1602
1545 1603
1570 1604
1579 1605
1606 1605
1299 1607
1608 1607
1583 1609
1080 1610
1611 1612
1610 1612
1522 1613
1614 1613
1615 1616
1074 1617
1295 1617
1618 1617
1151 1619
1474 1619
1269 1620
1560 1620
1117 1621
1441 1621
1622 1623
1541 1623
1613 1623
1557 1624
1563 1624
1204 1625
1626 1625
1625 1627
1366 1628
1629 1628
1630 1628
1631 1632
1633 1632
1576 1634
1498 1635
1498 1636
1110 1637
1564 1638
1639 1638
1574 1640
1573 1640
1239 1641
1642 1641
1550 1643
1611 1644
1162 1645
1646 1647
1516 1648
1182 1649
1461 1650
1651 1652
1074 1653
1628 1654
1655 1656
1424 1657
1320 1658
1522 1659
1660 1661
1605 1662
1661 1662
1189 1663
1664 1665
1198 1666
1565 1666
1198 1667
1179 1668
1180 1669
1670 1669
1585 1671
1362 1672
1074 1673
1635 1673
1516 1674
1675 1676
1677 1678
1679 1678
1284 1680
1481 1680
1681 1682
1683 1682
1684 1682
1654 1685
1522 1686
1622 1686
1600 1687
1688 1689
1687 1689
1516 1690
1530 1691
1660 1691
1179 1692
1434 1693
1694 1693
1284 1695
1180 1696
1591 1697
1599 1698
1602 1698
1424 1699
1614 1700
1667 1701
1701 1702
1676 1703
1704 1705
1459 1706
1567 1706
1308 1707
1536 1708
1498 1708
1213 1709
1548 1710
1679 1711
1712 1713
1366 1714
1713 1714
1117 1715
1167 1715
1716 1717
1597 1718
1615 1718
1114 1719
1169 1719
1322 1720
1225 1721
1722 1721
1638 1721
1122 1723
1724 1725
1668 1725
1726 1727
1644 1728
1526 1729
1568 1729
1730 1731
1703 1731
1705 1731
1732 1733
1734 427
1685 1735
1236 1736
1716 1736
1623 1736
1629 1737
1738 1739
1740 1741
1600 1742
1700 1742
1688 1743
1744 1743
1745 1743
1163 1746
1403 1746
1747 1748
1648 1748
1665 1748
1746 1749
1748 1749
1747 1750
1649 1750
1536 1751
1752 1751
1179 1753
1754 1753
1258 1755
1616 1755
1244 1756
1676 1757
1247 1758
1675 1758
1712 1759
1630 1759
1256 1760
1255 1760
1257 1761
1598 1761
1755 1761
1762 1763
1048 1764
1608 1764
1081 1765
1191 1765
1399 1766
1402 1766
1266 1767
1768 1769
1268 1770
1276 1771
1772 1771
1741 1771
1277 1773
1475 1774
1483 1774
1278 1775
1528 1775
1564 1776
1606 1776
1285 1777
1286 1778
1695 1778
1597 1779
1681 1780
1089 1781
1782 1781
1604 1783
1637 1783
1784 1785
1378 1786
1787 1788
1789 1790
1650 1790
1300 1791
1515 1792
1700 1793
1794 1793
1795 1796
1797 1796
1441 1798
1799 1800
1562 1801
1791 1801
1522 1802
1763 1802
1803 1804
1802 1804
1527 1805
1644 1805
1411 1806
1653 1807
1376 1808
1491 1808
1147 1809
1651 1810
1569 1811
1812 1811
1813 1811
1768 1814
1727 1814
1658 1815
1723 1815
1606 1816
1767 1817
1818 1819
1357 1819
1122 1820
1645 1820
1655 1821
1549 1822
1549 1823
1629 1824
1628 1824
1825 1826
1315 1827
1305 1828
1633 1829
1830 1831
1095 1832
1321 1833
1595 1833
1396 1834
1699 1834
1162 1835
1320 1836
1552 1836
1634 1837
1721 1837
1649 1838
1690 1838
1839 1840
1839 1841
1104 1842
1376 1842
1843 1844
1477 1845
1081 1846
1466 1846
1623 1847
1848 1847
1704 1849
1709 1850
1286 1851
1670 1851
1572 1852
1812 1852
1602 1853
1810 1853
1400 1854
1695 1855
1721 1856
1521 1857
1656 1858
1821 1858
1522 1859
1762 1859
1155 1860
1555 1860
1156 1861
1784 1861
1470 1862
1343 1863
1344 1863
1864 1863
1865 1866
1737 1866
1867 1868
1869 1868
1626 1868
1625 1868
1706 1870
1717 1871
1733 1872
1818 1873
1872 1873
1189 1874
1571 1874
1329 1875
1652 1876
1694 1876
1058 1877
1117 1877
1618 1878
1825 1879
1736 1879
1429 1880
1591 1881
1812 1881
1735 1882
1883 1884
1366 1885
1275 1885
1206 1886
1672 1886
1074 1887
1780 1887
1830 1888
1623 1888
1596 1889
1890 1891
1862 1891
1631 1892
1632 1892
1324 1893
1462 1893
1374 1894
1770 1894
1377 1895
1865 1895
1656 1895
1561 1896
1379 1897
1777 1897
1384 1898
1855 1898
1485 1899
1496 1900
1228 1901
1550 1901
1322 1902
1797 1902
1395 1903
1578 1903
1589 1903
1661 1903
1792 1903
1577 1904
1799 1905
1832 1906
1242 1907
1906 1907
1732 1908
1906 1908
1864 1909
1909 1910
1512 1911
1902 1911
1900 1912
1913 1912
1878 1914
1112 1915
1789 1915
1905 1916
1906 1916
1666 1917
1541 1918
1728 1919
1080 1920
1575 1920
1921 1922
1494 1922
1322 1923
1535 1923
1720 1923
1868 1923
1549 1924
1822 1924
1823 1924
1422 1925
1926 1925
1428 1927
1434 1928
1601 1928
1599 1928
1853 1928
1106 1929
1930 1929
1782 1931
1118 1931
1522 1932
1871 1933
1065 1934
1739 1934
1935 1936
1871 1936
1937 1938
1721 1939
1379 1940
1939 1940
1768 1941
1779 1941
1939 1941
1942 1943
1636 1944
1050 1945
1513 1945
1946 1947
1945 1947
1114 1948
1562 1949
1391 1950
1329 1951
1663 1951
1664 1952
1748 1952
1667 1953
1954 1953
1882 1955
1492 1956
1955 1956
1752 1957
1478 1957
1807 1958
1722 1959
1752 1960
1961 1960
1459 1962
1592 1963
1461 1964
1959 1964
1404 1965
1546 1965
1493 1966
1162 1967
1875 1968
1948 1969
1214 1970
1827 1970
1726 1971
1849 1971
1247 1972
1466 1972
1971 1972
1198 1973
1466 1973
1971 1973
1756 1974
1299 1975
1671 1975
1946 1976
1469 1977
1707 1977
1890 1977
1891 1977
1978 1977
1549 1979
1560 1979
1822 1979
1980 1981
1757 1981
1045 1982
1795 1982
1582 1983
1643 1983
1901 1983
1581 1984
1786 1985
1318 1986
1647 1986
1694 1987
1988 1989
1463 1990
1988 1990
1991 1990
1731 1992
1769 1992
1549 1993
1559 1993
1924 1993
1740 1994
1579 1995
1122 1996
1738 1996
1295 1997
1385 1997
1065 1998
1313 1998
1998 1999
1555 2000
1787 2000
1942 2000
1480 2001
1785 2001
2000 2001
1092 2002
1339 2002
1481 2003
2004 2005
1826 2005
1688 2006
1743 2006
2007 2006
1968 2008
1977 2008
1485 2009
1912 2009
1519 2010
1938 2011
1939 2011
1862 2012
1978 2012
1492 2013
2014 2013
2004 2013
1794 2015
1918 2016
2015 2016
1788 2017
1942 2017
1045 2018
1591 2018
1272 2019
1162 2020
1843 2020
1935 2021
1600 2021
1933 2021
1600 2022
1831 2022
1540 2023
2022 2023
1736 2024
2015 2024
1440 2025
1711 2025
1564 2026
1776 2026
1320 2027
2027 2028
1785 2029
2001 2029
1855 2030
2001 2030
2029 2030
1642 2031
1800 2032
1974 2032
1921 2033
1444 2033
1676 2034
1953 2034
1674 2035
1848 2035
1538 2036
1927 2037
2038 2039
1266 2040
2010 2040
2038 2040
1424 2041
1076 2042
1880 2042
1109 2043
1109 2044
1565 2045
1639 2046
1605 2046
1839 2046
1599 2047
1818 2048
1390 2048
1806 2049
1070 2050
1425 2051
2051 2052
1425 2053
1921 2054
1984 2054
1165 2055
1500 2055
1409 2056
1963 2057
2021 2057
1806 2058
1666 2059
1701 2059
1954 2059
1425 2060
2061 2060
2062 2063
2037 2064
2063 2064
2062 2065
2064 2065
1245 2066
1444 2066
1631 2067
1702 2067
1706 2068
1870 2068
1917 2069
2070 2069
1070 2071
1118 2072
1883 2072
2063 2073
1425 2074
2058 2074
1068 2075
1345 2075
1282 2076
1561 2076
1633 2076
2045 2076
1282 2077
1561 2077
1829 2077
1917 2077
1539 2078
1579 2078
1801 2078
1649 2079
2049 2080
2052 2080
2053 2080
1339 2081
1425 2082
1837 2083
2084 2083
2061 2085
2041 2085
2073 2085
2082 2085
1425 2086
2052 2086
1072 2087
2081 2087
1730 2088
1937 2089
1436 2090
1368 2091
2092 2091
2088 2091
1917 2093
1981 2093
1539 2094
1579 2094
1906 2095
2092 2096
1938 2096
1415 2097
1816 2097
1415 2098
1816 2098
1896 2098
2070 2098
1234 2099
1318 2099
1456 2099
1424 2100
1806 2101
2080 2101
1425 2102
1426 2103
2043 2103
1426 2104
2044 2104
1498 2105
1961 2105
1995 2106
2107 2106
1438 2108
1841 2108
1438 2109
1840 2109
2069 2109
1980 2110
2092 2110
1439 2111
1949 2112
2113 2114
2102 2114
1068 2115
2075 2115
1657 2116
1927 2117
2062 2117
2100 2117
1268 2118
1432 2118
1456 2118
1077 2119
1268 2119
1319 2119
1456 2119
1927 2120
2121 2120
2117 2120
1240 2122
1845 2122
1522 2123
2124 2123
1927 2125
2065 2125
1425 2126
2113 2126
2127 2128
2129 2128
2111 2128
2130 2128
2107 2131
2112 2131
2131 2132
1565 2133
1917 2133
1773 2134
1560 2135
1773 2135
2134 2135
1980 2136
1896 2136
2070 2136
2093 2136
2097 2136
2108 2137
2110 2137
2083 2138
2112 2138
1791 2139
2107 2139
1369 2140
1808 2140
2116 2140
1451 2141
1601 2141
1698 2141
2127 2141
2129 2141
1256 2142
1502 2142
1529 2142
1070 2143
1345 2143
1963 2144
2145 2144
1687 2146
2147 2146
2145 2146
1609 2148
1761 2148
2089 2148
1677 2149
2090 2149
2050 2150
2050 2151
1625 2152
1643 2152
2143 2153
2143 2154
1437 2155
1500 2155
1955 2156
2013 2156
2157 2156
1076 2158
1506 2158
1901 2159
2159 2160
1076 2161
1456 2161
2162 2163
1306 2163
2163 2164
1225 2165
1694 2166
2160 2166
1396 2167
1397 2167
1268 2168
1927 2169
2121 2169
1927 2170
2121 2170
1434 2171
1437 2171
1396 2172
1314 2172
2071 2173
2075 2173
2174 2173
1272 2175
2056 2175
1272 2176
2177 2176
2178 2176
2175 2176
1372 2179
1497 2179
1179 2180
1653 2180
1143 2181
1410 2181
1903 2182
2036 2182
2165 2183
2168 2184
2185 2186
2186 2187
1475 2188
1233 2189
2187 2189
2185 2190
2188 2190
2191 787
2192 2193
2192 2194
2193 2195
2194 2195
2196 384
2191 2196
2195 2196
2197 2198
2199 382
2197 2199
2198 2199
2198 2200
2201 2202
2203 2204
2198 2204
2199 2204
2205 2206
2207 385
2197 2208
2202 2209
2199 2210
2211 2212
2213 2212
2214 2215
2216 2217
2218 2217
2215 2219
2220 2219
2220 2221
2219 2222
2219 2223
2219 2224
2225 2226
2197 2227
2210 2228
2229 2228
2230 2228
2231 2228
2206 2232
2233 2234
2233 2235
2233 2236
2234 2237
2238 2239
2240 2241
2242 2241
2243 2244
2245 2246
2247 424
2195 2247
2248 2247
2249 2247
2246 2247
2250 385
2250 407
2247 2250
2251 2252
2247 2252
2250 2252
2253 2254
2249 2255
2254 2255
2256 2257
2243 2258
2212 2259
2260 2261
2258 2261
2197 2262
2210 2263
2228 2263
2264 2263
2265 2263
2266 2267
2247 2268
2226 2269
2270 2271
2247 2270
2272 2273
2232 2274
2275 2274
2276 376
2277 2278
2210 2279
2215 2280
2273 2280
2224 2281
2282 499
2210 2282
2253 2283
2284 2285
2286 2287
2259 2287
2257 2288
2207 2289
2288 2289
2290 2291
2198 2292
2200 2292
2285 2292
2293 2292
2291 2292
2292 2294
2292 2295
2292 2296
2297 2298
2299 2298
2260 2300
2301 2300
2210 2302
2300 2302
2303 2304
2300 2304
2302 2304
2276 2305
2254 2306
2218 2307
2217 2307
2308 2307
2301 2307
2233 2309
2239 2310
2311 2310
2299 2312
2246 2313
2313 2314
2315 2316
2263 2317
2318 45
2317 2318
2256 2319
2320 2321
2281 2321
2319 2321
2320 2322
2207 2322
2323 2324
2269 2324
2312 2325
2200 2326
2325 2326
2327 825
2300 2328
2268 2329
2270 2329
2215 2330
2331 2332
2207 2332
2232 2332
2333 2332
2298 2334
2205 2335
2285 2335
2209 2336
2272 2337
2338 2337
2336 2339
2340 2341
2342 2341
2339 2341
2228 2343
2282 2343
2327 2343
2341 2343
2341 2344
2297 2345
2293 2345
2323 2346
2313 2346
2212 2347
2258 2347
2210 2348
2263 2348
2347 2348
2349 2350
2219 2350
2289 2350
2290 2351
2312 2351
2334 2351
2242 2352
2247 2352
2353 2352
2329 2352
2218 2354
2307 2354
2313 2355
2247 2356
2355 2356
2197 2357
2358 2357
2258 2359
2347 2359
2355 2360
2245 2361
2360 2361
2300 2362
2233 2363
2309 2363
2364 2365
2234 2365
2315 2365
2308 2365
2316 2365
2366 2365
2363 2365
2199 2367
2210 2367
2279 2367
2302 2367
2365 2367
2365 2368
2365 2369
2225 2370
2360 2370
2349 2371
2311 2371
2330 2371
2277 2372
2278 2372
2279 2372
2373 2372
2328 2372
2366 2372
2362 2372
2243 2374
2307 2374
2347 2374
2216 2375
2254 2376
2306 2376
2377 384
2292 2377
2376 2377
2378 2379
2376 2379
2377 2379
2365 2380
2375 2380
2381 2382
2212 2382
2218 2383
2354 2383
2365 2384
2383 2384
2383 2385
2383 2386
2340 2387
2197 2388
2358 2388
2197 2389
2357 2389
2284 2390
2333 2390
2197 2391
2208 2391
2262 2391
2305 2391
2376 2391
2298 2392
2325 2392
2248 2393
2242 2393
2266 2393
2267 2393
2269 2394
2370 2394
2272 2395
2395 2396
2331 2397
2330 2397
2398 2399
2219 2399
2400 738
2401 739
2238 2401
2338 2401
2400 2401
2278 2402
2234 2403
2402 2403
2404 763
2404 2271
2198 2405
2368 2405
2369 2405
2373 2406
2365 2406
2277 2407
2300 2407
2286 2408
2408 2409
2410 2411
2412 2413
2414 2415
2416 2417
2418 2419
2420 2419
2421 2422
2423 2422
1140 2424
2419 2425
2426 2427
2428 2429
2424 2430
2431 2432
2430 2432
2411 2433
2432 2433
2434 2435
2436 2437
2416 2438
2439 2438
2440 2441
2442 2443
2440 2443
2442 2444
2440 2444
2445 2446
2445 2447
2446 2448
2440 2449
2412 2450
2451 2452
2432 2453
2454 2455
2456 2455
2457 2458
2459 2460
2461 2460
2458 2462
2450 2463
2458 2464
2465 2466
2467 2466
2441 2468
2466 2468
2469 2470
2471 2472
2473 2474
2473 2475
2464 2476
2477 2478
2479 2480
2479 2481
2411 2482
2441 2482
2472 2482
2479 2482
2422 2483
2455 2483
2470 2484
2416 2485
2432 2486
2487 2488
2452 2489
2419 2490
2491 2492
2492 2493
2494 2495
2495 2496
2497 2498
2499 2500
2500 2501
2502 2413
2495 2502
2503 2413
2451 2503
2452 2503
2489 2503
2499 2504
2500 2504
2505 2506
2507 2506
2508 2413
2450 2508
2509 2508
2510 2508
2511 2508
2489 2512
2501 2512
2500 2513
2514 2515
2500 2515
2512 2515
2513 2515
2440 2516
2466 2516
2490 2517
2500 2517
2506 2517
2445 2518
1201 2519
2520 2519
2433 2521
2441 2521
2482 2521
2519 2521
2465 2522
2440 2522
2449 2522
2483 2522
2429 2523
2514 2524
2487 2524
2450 2524
2525 2524
2488 2524
2513 2524
2526 81
2526 58
2527 2526
2496 2528
2529 2530
2517 2531
2532 2531
2426 2533
2456 2533
2534 2535
2491 2536
2492 2536
2536 2537
2531 2538
2455 2539
2540 2539
2541 2539
2454 2542
2417 2542
2429 2542
2435 2542
2455 2542
2485 2542
2535 2542
2543 2542
2416 2544
2459 2544
2460 2544
2545 2544
2546 2544
2415 2547
2435 2547
2433 2548
2441 2548
2446 2548
2506 2549
2531 2549
2432 2550
2433 2550
2530 2550
2551 2550
2552 2550
1267 2553
2554 2555
2556 2555
2477 2555
2478 2555
2494 2555
2495 2555
2419 2557
2558 2557
2517 2557
2559 2557
2507 2560
2531 2560
2433 2561
2482 2561
2562 2561
2488 2563
2484 2564
2531 2564
2482 2565
2566 2567
2568 2567
2523 2567
2542 2567
2553 2569
2489 2570
2501 2570
2569 2570
2570 2571
2517 2572
2559 2572
2573 2572
2571 2572
2568 2574
2567 2574
2468 2575
2576 2575
2571 2575
2489 2577
2520 2577
2570 2577
2575 2577
2472 2578
2484 2579
2422 2580
2473 2580
2581 2580
2505 2582
2431 2582
2432 2582
2453 2582
2484 2582
2486 2582
2579 2582
2569 2583
2570 2583
2416 2584
2585 2586
2587 2588
2589 2590
2416 2591
2572 2591
2416 2592
2572 2592
2422 2593
2460 2593
2473 2593
2522 2593
2594 2593
2595 2593
2498 2596
2419 2597
2453 2598
2419 2599
2597 2600
2493 2601
2506 2602
2582 2602
2457 2603
2590 2603
2604 2603
2419 2605
2558 2605
2606 2607
2483 2608
2545 2608
2440 2609
2461 2610
2467 2610
2610 2611
2442 2612
2467 2612
2461 2613
2612 2614
2611 2615
2612 2615
2613 2615
2614 2616
2615 2616
2572 2617
2437 2618
2571 2618
2412 2619
2454 2620
2528 2621
2496 2622
2534 2623
2416 2624
2551 2625
2621 2626
2416 2627
2624 2627
2628 2627
2620 2629
2457 2630
2417 2631
2631 2632
2543 2633
2631 2633
2432 2634
2635 2634
2636 2634
2637 2413
2638 2637
2639 2640
2419 2641
2419 2642
2624 2643
2639 2644
2566 2644
2644 2645
2425 2646
2647 2648
2532 2649
2650 2651
2514 2652
2429 2653
2416 2654
2654 2655
2416 2656
2498 2656
2416 2657
2590 2657
2432 2658
2659 2658
2550 2660
2624 2661
2639 2662
2566 2663
2664 2665
2431 2665
2666 2665
2543 2667
2633 2667
2451 2668
2451 2669
2670 2671
2672 2673
2426 2674
2672 2674
2675 2674
2676 2674
2543 2674
2487 2677
2426 2678
2674 2678
2543 2679
2674 2679
2680 2681
2543 2682
2558 2683
2681 2683
2493 2684
2493 2685
2684 2685
2502 2686
2687 2688
2464 2688
2687 2689
2458 2689
2688 2690
2689 2691
2531 2692
2571 2692
2469 2693
2693 2694
2695 2696
2693 2696
2694 2696
2619 2697
2698 2697
2450 2699
2698 2699
2699 2700
2450 2701
2452 2701
2701 2702
2658 2703
2704 2705
2704 2706
2682 2707
2646 2708
2709 2710
2622 2710
2525 2711
2712 2711
2697 2711
2462 2713
2462 2714
2462 2715
2450 2716
2495 2717
2502 2717
2716 2717
2463 2718
2619 2718
2697 2718
2556 2719
2719 2720
2556 2721
2464 2721
2721 2722
2723 2724
2491 2725
2491 2726
2589 2727
2645 2728
2704 2729
2694 2729
2730 2731
2723 2731
2732 2733
2723 2733
2731 2733
2568 2734
2470 2735
2735 2736
2470 2737
2735 2737
2736 2737
2659 2738
2658 2738
2739 2738
2625 2740
2488 2741
2586 2741
2585 2742
2572 2742
2504 2743
2492 2744
2743 2744
2424 2745
2430 2745
2531 2746
2571 2746
2476 2747
2712 2747
2630 2747
2711 2747
2730 2748
2749 2750
2751 2413
2752 2751
2753 2751
2749 2754
2750 2754
2751 2754
2680 2755
2589 2756
2488 2757
2489 2757
2757 2758
2484 2759
2693 2759
2484 2760
2680 2761
2762 2763
2478 2763
2764 2763
2765 2766
2532 2767
2485 2768
2624 2768
2643 2768
2424 2769
2488 2770
2414 2771
2635 2772
2772 2773
2624 2774
2750 2775
2754 2775
2495 2776
2496 2776
2776 2777
2495 2778
2496 2778
2778 2779
2619 2780
2775 2780
2524 2781
2782 2783
2784 2785
2540 2785
2783 2785
2786 2413
2503 2786
2786 2787
2788 2413
2502 2788
2789 2788
2790 2413
2502 2790
2791 2790
2792 2413
2502 2792
2793 2792
2624 2794
2648 2794
2774 2794
2664 2795
2704 2795
2729 2795
2704 2796
2729 2796
2748 2796
2795 2796
2764 2797
2711 2797
2763 2797
2509 2798
2728 2799
2800 2799
2504 2801
2680 2801
2761 2801
2504 2802
2680 2803
2646 2804
2683 2804
2508 2805
2508 2806
2513 2807
2513 2808
2807 2809
2808 2809
2515 2810
2809 2810
2513 2811
2513 2812
2512 2813
2512 2814
2704 2815
2706 2815
2729 2815
2795 2815
2506 2816
2804 2816
2816 2817
2506 2818
2804 2818
2818 2819
2506 2820
2804 2820
2820 2821
2762 2822
2763 2822
2775 2823
2780 2823
2774 2824
2680 2825
2517 2825
2680 2826
2517 2826
2680 2827
2517 2827
2827 2828
2490 2829
2680 2829
2829 2830
2825 2831
2826 2832
2711 2833
2770 2833
2797 2833
2543 2834
2682 2834
2653 2835
2836 2835
2523 2837
2834 2837
2835 2837
2524 2838
2697 2838
2711 2838
2797 2838
2833 2838
2419 2839
2582 2839
2582 2840
2839 2841
2840 2842
2543 2843
2682 2843
2707 2843
2834 2843
2633 2844
2648 2845
2528 2846
2635 2847
2848 2847
2849 2850
2551 2850
2851 2852
2660 2852
2852 2853
2854 2855
2552 2855
2552 2856
2857 2856
2524 2858
2838 2858
2858 2859
2535 2860
2768 2861
2531 2862
2531 2863
2532 2864
2531 2865
2680 2866
2559 2866
2650 2866
2651 2866
2801 2866
2550 2867
2553 2867
2867 2868
2543 2869
2542 2869
2547 2870
2871 2872
2809 2872
2492 2873
2650 2873
2744 2873
2490 2874
2560 2874
2829 2874
2492 2875
2557 2875
2650 2875
2866 2875
2873 2875
2500 2876
2504 2876
2652 2877
2680 2878
2755 2878
2504 2879
2743 2879
2880 2879
2881 2882
2873 2883
2875 2883
2557 2884
2875 2884
2557 2885
2875 2885
2883 2886
2430 2887
2697 2888
2798 2888
2805 2888
2563 2889
2557 2890
2601 2890
2798 2891
2888 2891
2532 2892
2564 2892
2646 2892
2649 2892
2804 2892
2809 2893
2881 2893
2881 2894
2893 2894
2672 2895
2799 2896
2635 2897
2530 2897
2670 2898
2648 2898
2671 2898
2845 2898
2573 2899
2624 2900
2774 2900
2794 2900
2900 2901
2751 2902
2751 2903
2458 2904
2596 2904
2905 2413
2905 2906
2502 2907
2686 2907
2775 2907
2780 2907
2823 2907
2567 2908
2569 2908
2908 2909
2567 2910
2639 2911
2567 2911
2910 2911
2912 2913
2910 2913
2450 2914
2508 2914
2571 2915
2624 2915
2774 2915
2824 2915
2570 2916
2572 2916
2916 2917
2574 2918
2919 2918
2531 2920
2564 2920
2607 2921
2922 2921
2438 2923
2584 2923
2607 2923
2424 2924
2733 2924
2769 2924
2733 2925
2924 2925
2624 2926
2794 2926
2579 2927
2680 2928
2765 2928
2766 2928
2803 2928
2532 2929
2649 2929
2892 2929
2582 2930
2682 2930
2582 2931
2583 2931
2931 2932
2584 2933
2768 2933
2934 2933
2861 2933
2738 2935
2769 2935
2586 2936
2765 2936
2928 2936
2591 2937
2938 2937
2592 2939
2899 2939
2940 2941
2799 2941
2942 2943
2944 2943
2769 2945
2935 2945
2637 2946
2946 2947
2596 2948
2763 2948
2833 2948
2838 2948
2596 2949
2456 2950
2533 2950
2942 2951
2946 2951
2952 2951
2419 2953
2437 2953
2590 2954
2894 2955
2680 2956
2755 2956
2848 2957
2502 2958
2750 2958
2754 2958
2959 2958
2834 2960
2680 2961
2848 2962
2730 2963
2733 2963
2964 2965
2963 2965
2645 2966
2940 2966
2941 2966
2430 2967
2730 2967
2731 2967
2494 2968
2495 2968
2555 2968
2630 2968
2969 2970
2630 2971
2968 2971
2732 2972
2733 2972
2693 2973
2759 2973
2430 2974
2731 2974
2924 2974
2658 2975
2703 2975
2745 2975
2769 2975
2460 2976
2545 2976
2977 2976
2460 2978
2466 2978
2979 2978
2458 2980
2525 2980
2463 2980
2476 2980
2496 2980
2716 2980
2781 2980
2804 2981
2618 2982
2888 2983
2652 2984
2652 2985
2853 2986
2987 2988
2797 2989
2730 2990
2748 2990
2822 2991
2652 2992
2892 2993
2892 2994
2993 2994
2907 2995
2478 2996
2763 2996
2809 2997
2872 2997
2998 2999
2697 3000
2711 3000
2838 3000
2888 3000
3001 3000
2697 3002
2888 3002
3000 3002
2426 3003
2533 3003
2484 3004
3005 3004
2484 3006
3007 3006
3008 3006
3009 3010
2470 3011
2564 3011
3009 3011
2646 3012
2878 3013
2930 3014
2937 3015
2509 3016
2508 3016
2968 3017
2765 3018
3019 3020
2455 3021
2572 3021
2684 3022
2685 3022
2686 3023
2915 3024
2692 3025
2920 3026
2657 3027
2502 3028
3029 3030
2988 3031
3008 3032
3030 3032
3033 3032
3005 3034
3035 3034
2735 3036
2650 3037
2651 3037
2499 3038
2768 3039
2815 3040
3041 3042
3033 3042
3043 3044
3045 3046
3035 3046
3047 3048
3029 3048
3049 3050
3035 3050
3051 3052
3031 3052
3053 3054
3055 3056
3034 3056
3057 3058
3030 3058
2469 3059
3060 3059
2469 3061
3062 3061
2653 3063
2639 3064
2911 3064
2543 3065
2834 3065
2680 3066
2801 3066
2866 3066
2532 3067
2646 3068
3012 3068
2646 3069
2708 3069
2718 3070
3071 3072
3044 3072
3059 3072
3073 3074
3054 3074
3061 3074
2660 3075
2624 3076
2794 3076
2926 3076
2664 3077
2704 3077
3078 3077
2770 3079
2948 3080
2746 3081
2915 3082
3024 3082
2748 3083
2836 3084
2835 3084
2495 3085
2502 3085
2717 3085
2491 3086
2492 3086
2536 3086
2617 3087
2455 3088
2573 3088
2768 3089
3039 3089
2836 3090
2835 3090
3084 3090
2954 3091
2954 3092
3091 3092
2822 3093
2915 3094
2822 3095
2949 3095
2991 3095
2500 3096
2500 3097
2967 3098
2809 3099
2810 3099
3100 3101
2680 3102
3103 3102
3104 3102
3100 3102
3096 3102
3097 3102
3101 3102
3103 3105
3104 3105
3101 3105
3102 3105
2809 3106
2810 3106
3099 3106
2774 3107
2794 3107
2900 3107
2927 3108
2653 3109
2653 3110
3109 3110
3111 3112
3008 3112
3113 3114
3005 3115
3031 3115
3114 3115
2922 3116
2894 3117
2680 3118
2770 3119
2730 3120
2963 3120
3090 3121
2649 3122
2585 3123
3019 3123
2585 3124
3019 3124
2915 3125
3024 3125
3082 3125
2680 3126
3102 3126
2750 3127
2754 3127
2754 3128
2748 3129
2796 3129
2833 3130
2838 3130
2948 3130
2506 3131
2531 3131
2620 3132
2809 3133
2810 3133
2872 3133
2893 3133
3134 3133
2555 3135
2968 3135
2543 3136
2674 3136
3137 3138
2915 3139
3094 3139
2884 3140
2885 3141
2972 3142
3033 3143
3144 3145
3029 3145
2760 3146
2895 3147
2897 3148
2651 3149
2556 3150
2804 3151
2892 3151
2981 3151
2502 3152
2888 3152
2983 3152
3153 3152
2749 3154
2619 3155
2780 3156
2619 3157
2780 3157
2495 3158
2555 3158
2649 3159
3122 3159
2492 3160
2875 3160
2490 3161
2829 3161
2874 3161
3137 3161
3138 3161
3162 3161
2517 3163
2599 3163
3164 3163
2571 3165
2998 3165
3166 3165
2425 3167
2840 3167
3168 3167
2653 3169
2835 3169
2936 3170
2936 3171
2694 3172
3152 3173
2799 3174
2953 3175
2834 3176
3177 3176
2960 3176
3178 3176
3179 3176
2770 3180
2833 3180
2543 3181
2667 3181
2624 3182
2774 3182
2900 3182
2987 3183
3031 3183
3137 3184
3138 3184
3161 3184
2935 3185
2598 3186
2533 3187
2465 3188
2502 3189
2686 3189
2608 3190
2971 3191
2912 3192
2750 3193
2754 3193
2958 3193
2610 3194
2804 3195
2981 3195
3151 3195
2456 3196
2543 3197
2633 3197
2667 3197
2459 3198
2443 3199
2444 3200
3199 3200
2449 3201
2912 3202
2630 3203
2968 3203
2971 3203
2750 3204
2754 3204
2895 3205
2460 3206
2460 3207
2466 3208
2466 3209
2664 3210
2795 3210
3211 3212
2834 3213
2960 3213
3176 3213
2478 3214
2945 3215
2483 3216
3217 3218
2945 3219
3215 3219
2611 3220
2611 3221
2759 3222
2973 3222
2612 3223
2612 3224
2892 3225
2522 3226
2522 3227
2672 3228
2673 3228
2848 3229
2957 3229
3090 3230
3121 3230
2545 3231
2970 3231
2545 3232
3095 3233
2796 3234
3129 3234
3235 3236
3218 3236
2456 3237
3196 3237
2750 3238
2754 3238
2613 3239
2614 3240
2614 3241
2614 3242
2614 3243
2614 3244
2614 3245
2615 3246
2649 3247
2912 3248
2913 3248
2972 3249
2686 3250
2907 3250
2580 3251
3212 3251
3218 3251
3236 3251
2738 3252
2935 3252
2666 3253
2971 3254
3191 3254
2653 3255
3109 3255
3110 3255
2491 3256
3257 3258
3201 3258
2616 3259
2616 3260
2810 3261
2809 3262
2810 3262
2872 3262
2997 3262
3261 3262
2533 3263
3187 3263
2810 3264
2672 3265
2673 3265
3228 3265
2872 3266
2532 3267
3067 3267
3267 3268
2597 3269
3165 3269
2680 3270
2755 3270
3103 3270
3102 3270
3105 3270
3118 3270
2651 3271
2744 3271
3149 3271
3272 3271
2732 3273
2575 3274
3275 3274
2575 3276
3275 3276
3274 3277
3276 3278
2516 3279
3280 3281
3282 3283
3284 3285
3283 3286
3287 3286
3288 3289
3281 3290
3285 3290
3291 3290
3292 3293
3289 3294
3295 3296
3282 3297
3283 3298
3294 3299
3300 3299
3285 3301
3296 3302
3303 3302
3283 3304
3286 3304
3289 3304
3305 3304
3280 3306
3289 3307
3293 3307
3308 3307
3309 3310
3311 3310
3312 3310
3313 3314
3296 3315
3316 3317
3318 3319
3316 3319
3289 3320
3307 3320
3293 3321
3322 3323
3324 3323
3286 3325
3326 3325
3289 3327
3328 3327
3329 3330
3331 3330
3321 3332
3330 3332
3321 3333
3301 3334
3321 3334
3292 3335
3336 3337
3337 3338
3337 3339
3340 3341
3340 3342
3280 3343
3293 3344
3293 3345
3328 3346
3347 3348
3316 3349
3348 3349
3315 3350
3351 3352
3353 3352
3354 3355
3356 3355
3357 3355
3352 3355
3310 3358
3359 3360
3361 3362
3313 3363
3293 3364
3365 3366
3366 3367
3366 3368
3369 3368
3318 3370
3371 3370
3359 3372
3373 3374
3375 3374
3376 3374
3359 3374
3360 3374
3323 3377
3378 3377
3282 3379
3290 3380
3302 3380
3323 3381
3285 3382
3285 3383
3384 3385
3386 3387
3388 3389
3390 3389
3387 3391
3387 3392
3393 3394
3295 3395
3396 3395
3288 3397
3398 3399
3399 3400
3399 3401
3286 3402
3403 3404
3404 3405
3287 3406
3405 3406
3287 3407
3408 3407
3404 3407
3301 3409
3327 3409
3410 3411
3412 3413
3414 3413
3415 3413
3416 3413
3417 3413
3411 3413
3313 3418
3413 3418
3313 3419
3413 3419
3294 3420
3301 3421
3314 3421
3422 3423
3424 3425
3426 3427
3286 3428
3286 3429
3413 3430
3431 3432
3432 3433
3292 3434
3286 3435
3289 3435
3436 3437
3435 3437
3365 3438
3437 3438
3438 3439
3354 3440
3441 3442
3443 3444
3361 3445
3446 3445
3301 3447
3440 3447
3443 3448
3449 3448
3445 3448
3443 3450
3451 3450
3445 3450
3449 3452
3451 3452
3445 3452
3453 3454
3411 3454
3411 3455
3282 3456
3457 3456
3458 3459
3460 3461
3459 3462
3461 3462
3463 3464
3461 3464
3447 3465
3466 3467
3355 3468
3355 3469
3468 3470
3339 3471
3445 3472
3473 3472
3413 3474
3475 3476
3411 3476
3477 3478
3312 3479
3480 3479
3481 3482
3363 3483
3347 3484
3292 3485
3486 3485
3284 3487
3488 3487
3313 3489
3329 3490
3423 3491
3492 3493
3494 3493
3329 3495
3329 3496
3455 3497
3498 3497
3453 3499
3498 3499
3280 3500
3501 3502
3477 3502
3348 3503
3491 3504
3292 3505
3506 3505
3285 3507
3301 3507
3438 3508
3462 3508
3299 3509
3320 3509
3510 3511
3490 3511
3365 3512
3461 3512
3309 3513
3480 3513
3462 3513
3512 3513
3514 3515
3362 3515
3466 3516
3436 3516
3437 3516
3282 3517
3323 3518
3519 3520
3297 3521
3361 3522
3523 3522
3361 3524
3523 3524
3298 3525
3517 3526
3525 3526
3525 3527
3528 3529
3530 3529
3424 3531
3303 3531
3532 3531
3303 3533
3301 3534
3535 3536
3523 3536
3468 3537
3537 3538
3501 3539
3301 3539
3501 3540
3301 3540
3475 3541
3518 3541
3521 3542
3543 3542
3326 3544
3545 3544
3546 3547
3413 3547
3413 3548
3354 3549
3289 3549
3424 3550
3550 3551
3320 3552
3420 3552
3368 3553
3323 3554
3555 3554
3520 3554
3556 3557
3558 3559
3560 3559
3559 3561
3329 3562
3466 3563
3564 3563
3347 3565
3558 3565
3322 3566
3374 3566
3557 3567
3321 3568
3569 3568
3534 3568
3413 3570
3384 3571
3413 3571
3572 3573
3547 3573
3305 3574
3456 3574
3493 3575
3493 3576
3370 3577
3292 3578
3411 3578
3466 3579
3397 3579
3390 3580
3315 3580
3564 3581
3471 3581
3544 3582
3322 3583
3584 3583
3536 3583
3416 3585
3445 3585
3313 3586
3587 3586
3447 3586
3318 3588
3589 3588
3306 3590
3393 3591
3592 3591
3289 3593
3294 3593
3594 3595
3595 3596
3501 3597
3472 3597
3598 3597
3523 3599
3323 3599
3523 3600
3601 3602
3603 3604
3287 3605
3606 3605
3396 3607
3523 3608
3314 3608
3523 3609
3314 3609
3576 3610
3611 3612
3503 3613
3612 3613
3313 3614
3321 3614
3556 3615
3424 3616
3617 3616
3533 3616
3365 3618
3513 3618
3322 3619
3620 3619
3621 3619
3600 3619
3379 3622
3521 3622
3623 3624
3523 3625
3417 3625
3560 3626
3316 3627
3565 3627
3548 3628
3570 3628
3319 3629
3399 3629
3613 3629
3381 3630
3474 3630
3352 3631
3632 3631
3556 3633
3295 3634
3567 3635
3610 3635
3483 3636
3320 3637
3364 3637
3393 3638
3318 3638
3639 3640
3320 3640
3639 3641
3320 3641
3514 3642
3442 3642
3502 3642
3515 3642
3355 3643
3362 3643
3361 3644
3352 3644
3316 3645
3602 3645
3439 3646
3646 3647
3646 3648
3398 3649
3627 3649
3326 3650
3651 3650
3358 3652
3435 3652
3650 3653
3348 3654
3624 3654
3639 3655
3320 3656
3657 3658
3658 3659
3424 3660
3500 3660
3659 3660
3291 3661
3551 3661
3662 3663
3374 3664
3377 3664
3663 3664
3665 3666
3289 3667
3302 3667
3666 3667
3294 3668
3656 3668
3432 3669
3642 3669
3639 3670
3498 3670
3639 3671
3498 3671
3320 3672
3636 3672
3481 3673
3485 3673
3303 3674
3577 3674
3675 3674
3676 3677
3678 3677
3677 3679
3390 3680
3504 3680
3679 3680
3331 3681
3682 3681
3562 3681
3492 3683
3684 3683
3352 3685
3686 3685
3300 3687
3686 3687
3323 3688
3323 3689
3323 3690
3334 3690
3691 3692
3490 3692
3525 3693
3694 3695
3589 3695
3696 3695
3596 3697
3305 3698
3326 3698
3591 3698
3651 3698
3605 3698
3650 3698
3697 3698
3326 3699
3653 3699
3293 3700
3489 3700
3328 3701
3327 3701
3328 3702
3538 3702
3703 3702
3704 3702
3328 3705
3442 3705
3706 3705
3707 3708
3316 3709
3708 3709
3330 3710
3517 3711
3525 3711
3665 3712
3579 3712
3368 3713
3438 3713
3449 3714
3451 3715
3562 3716
3387 3717
3389 3717
3494 3717
3718 3717
3461 3719
3553 3719
3434 3720
3519 3720
3300 3721
3722 3721
3723 3721
3487 3724
3590 3724
3299 3725
3465 3725
3627 3726
3511 3727
3633 3728
3634 3728
3488 3729
3350 3730
3350 3731
3730 3731
3732 3733
3732 3734
3735 3736
3737 3738
3739 3740
3741 3742
3743 3742
3742 3744
3745 3746
3745 3747
3741 3748
3749 473
3749 676
96 3750
3749 3750
3751 3752
3753 3754
3732 3755
3756 3757
3756 3758
3759 3760
3734 3760
3761 713
3762 3761
3763 3761
3750 3764
3751 3765
3733 3766
3740 3766
3765 3766
3761 3767
3765 3767
3766 3767
3767 3768
3769 3768
3740 3770
3742 3770
3745 3771
3768 3771
3763 3772
3736 3773
3737 3773
3756 3773
3774 3773
3741 3775
3743 3775
3775 3776
3754 3777
3776 3777
3755 3778
3757 3778
3758 3778
3766 3778
3779 3778
3761 3780
3767 3780
3779 3781
3778 3782
3747 3783
3761 3783
3777 3784
3784 3785
3753 3786
3784 3786
3787 3788
3756 3789
3790 3791
3792 3793
3762 3794
3794 3795
3796 3797
3790 3798
3796 3798
3773 3799
3799 3800
3751 3801
3802 3801
3803 3804
3805 3806
3791 3807
3808 3807
3806 3809
3809 3810
3811 3812
3765 3813
3805 3814
3747 3815
3748 3815
3816 3815
3787 3815
3793 3815
3815 3817
3815 3818
3765 3819
3765 3820
3802 3820
3792 3821
3818 3821
3788 3822
3815 3822
3821 3822
3751 3823
3824 3823
3796 3825
3807 3825
3811 3826
3762 3827
3826 3827
3828 3829
3779 3830
3762 3831
3811 3831
3803 3832
3829 3832
3769 3833
3789 3833
3823 3834
3835 3834
3829 3836
3815 3837
3755 3838
3839 3838
3840 3838
3811 3838
3827 3838
3839 3841
3791 3841
3838 3841
3842 3843
3765 3844
3834 3844
3761 3845
3764 3845
3846 3845
3762 3847
3848 3849
3850 3849
3848 3851
3851 3852
3853 3854
3779 3855
3779 3856
3855 3856
3854 3857
3765 3858
3811 3858
3859 3860
3799 3861
3861 3862
3737 3863
3864 3865
3769 3866
3779 3867
3830 3868
3867 3868
3795 3869
3795 3870
3867 3870
3769 3871
3854 3872
3762 3873
3800 3873
3853 3874
3770 3875
3771 3875
3805 3875
3806 3875
3814 3875
3876 3875
3850 3875
3849 3875
3852 3875
3769 3877
3878 3877
3792 3879
3880 3879
3805 3881
3875 3881
3882 3881
3788 3883
3837 3883
3884 3885
3871 3885
3801 3886
3884 3886
3852 3886
3885 3886
3775 3887
3842 3887
3843 3887
3857 3887
3864 3887
3865 3887
3874 3887
3767 3888
3887 3888
3815 3889
3843 3889
3813 3890
3838 3890
3808 3891
3840 3891
3868 3892
3870 3892
3863 3893
3849 3894
3800 3895
3831 3895
3800 3896
3836 3897
3865 3897
3847 3898
3873 3898
3779 3899
3847 3899
3856 3899
3861 3899
3862 3900
3893 3900
3899 3900
3783 3901
3840 3901
3813 3901
3879 3901
3894 3901
3810 3902
3875 3902
3876 3903
3875 3903
3756 3904
3789 3904
3756 3905
3773 3905
3896 3905
3817 3906
3880 3906
3906 3907
3860 3908
3883 3908
3891 3908
3742 3909
3876 3910
3875 3910
3886 3910
3784 3911
3786 3911
3851 3912
3736 3913
3789 3913
3736 3914
3913 3914
3759 3915
3742 3915
3880 3916
3901 3916
3779 3917
3742 3918
3770 3918
3753 3919
3784 3919
3772 3920
3778 3920
3747 3921
3785 3921
3872 3921
3780 3922
3780 3923
3780 3924
3816 3925
3760 3925
3926 3925
3784 3927
3803 3927
3789 3928
3745 3929
3930 3931
3932 3933
3933 3934
3935 3936
3937 3938
3939 3938
3933 3940
3934 3941
3942 3941
3943 3944
3945 3946
3947 3946
3948 3946
3946 3949
3950 3949
3950 3951
3952 3953
3931 3954
3955 3954
3932 3956
3934 3957
3936 3957
3958 3957
3959 3957
3956 3957
3955 3960
3957 3960
3961 501
3962 3963
3964 3963
3953 3965
3944 3966
3965 3966
3966 3967
3968 413
3966 3968
3934 3969
3970 3971
3951 3972
3954 3973
3943 3974
3953 3974
3936 3975
3976 3975
3930 3977
3935 3978
3940 3978
3962 3979
3963 3979
3979 3980
3941 3981
3971 3982
3938 3983
3951 3984
3985 3986
3986 3987
3934 3988
3936 3988
3936 3989
3932 3990
3972 3990
3972 3991
3935 3992
3976 3992
3989 3993
3994 3995
3957 3996
3979 3996
3981 3996
3997 3996
3972 3998
2674 3999
2674 4000
3937 4000
2895 4001
3970 4002
4003 4002
4001 4004
3957 4005
3984 4006
3990 4006
3949 4007
3979 4007
4008 4007
4006 4007
3980 4009
3934 4010
4007 4010
4009 4010
4007 4011
4012 4013
4003 4013
4004 4013
3937 4014
3982 4014
3999 4014
4013 4014
2342 4015
3961 4015
3983 4016
4017 4016
3994 4018
3995 4018
3964 4019
4008 4019
4016 4019
4018 4019
4009 4020
4016 4020
4021 4022
3944 4023
4009 4023
4022 4023
4023 4024
4023 4025
3939 4026
4027 4026
3994 4028
4026 4028
3938 4029
3981 4029
4017 4029
3985 4030
3987 4031
4022 4031
4030 4031
3977 4032
4033 4034
4032 4035
4033 4035
3945 4036
4037 4036
3945 4038
3987 4038
4014 4039
4003 4040
4039 4040
4041 4042
4041 4043
3943 4044
4043 4044
3944 4045
4042 4045
3943 4046
3944 4046
3974 4047
4042 4047
4023 4048
4047 4048
3961 4049
3973 4050
4049 4050
4034 4051
4034 4052
4042 4053
3949 4054
4054 4055
4055 4056
4055 4057
4055 4058
4059 4060
3967 4060
4061 4060
3994 4062
4007 4063
4016 4063
4019 4063
4029 4063
4062 4063
4064 4065
4066 4065
4067 4068
4065 4068
4069 4068
4070 4071
4065 4072
4068 4072
4073 4074
2587 4075
4065 4075
4076 4077
4078 4079
4080 4081
4051 4082
4052 4082
4083 4082
4084 4085
4082 4085
4085 4086
4085 4087
4088 4087
4075 4089
4090 471
110 4091
4090 4091
4092 4093
4092 4094
4074 4095
4096 4097
89 4098
4098 502
4099 4098
4072 4100
4089 4100
4097 4101
4102 4101
4103 4101
4104 4105
4106 4105
4107 4105
4108 4109
2526 4109
4110 4111
4112 4113
4114 4115
4116 4117
4089 4118
4114 4118
4119 4118
4100 4120
4121 4120
4122 4120
4123 4120
4085 4124
4125 507
4124 4126
4125 4126
4127 4128
4085 4128
4108 4129
4094 4129
4094 4130
4100 4131
4079 4132
4133 4132
4128 4132
4134 4135
4080 4135
4132 4135
4097 4136
4118 4136
4137 4136
4089 4138
4112 4138
4136 4138
4139 4138
4119 4140
4114 4141
4097 4142
4136 4142
4072 4143
4068 4144
4118 4144
4141 4144
4145 4144
4099 4146
4135 4146
4147 557
4098 4147
4146 4147
4135 4148
4149 4150
4151 4152
4151 4153
4128 4154
4155 4154
2588 4156
4149 4156
4075 4156
4157 4156
4144 4156
4158 470
4090 4158
4130 4158
4147 4159
4133 4160
4160 4161
4162 827
4098 4162
4147 4162
4163 4162
4164 4162
4150 4165
4166 4167
4167 4168
4086 4169
4169 4170
4105 4171
4071 4172
4157 4172
4166 4172
4071 4173
4150 4173
4172 4173
4074 4174
4136 4175
4144 4175
4156 4175
4176 4175
4177 4175
4178 4175
4138 4179
4156 4179
4111 4180
4151 4180
4166 4180
4172 4180
4181 4180
3745 4182
3767 4182
3785 4182
3888 4182
4183 4182
4184 4182
4116 4185
4090 4186
4105 4186
4100 4187
4131 4187
4182 4187
4172 4188
4128 4189
4154 4189
4077 4190
4143 4190
4182 4190
4147 4191
4159 4191
4190 4191
4074 4192
4150 4192
4132 4193
4165 4194
4195 550
4157 4195
4113 4195
4172 4195
4132 4196
4091 4197
4191 4197
4150 4198
4174 4198
4132 4199
4146 4200
4199 4200
4072 4201
4143 4201
4190 4201
4149 4202
4156 4202
4172 4202
4179 4202
4203 4202
2503 4204
4147 4204
4202 4204
4090 4205
4105 4205
4186 4205
4206 4205
4116 4207
4117 4207
4205 4207
4140 4208
4118 4209
4080 4210
4167 4211
4077 4212
4182 4212
4140 4213
4140 4214
4141 4215
4141 4216
4141 4217
4140 4218
4175 4219
4188 4220
4188 4221
4119 4222
4096 4223
4096 4224
4076 4225
4139 4226
4089 4227
4228 4227
4076 4229
4116 4230
4116 4231
4231 4232
4231 4233
4139 4234
4145 4235
4107 4236
4137 4237
4181 4238
4188 4239
4181 4240
4139 4241
4119 4242
4076 4243
4188 4244
4188 4245
4198 4246
4247 4246
4248 4246
2588 4249
4250 4249
4181 4251
4149 4252
4090 4253
4143 4254
4209 4255
4209 4256
4209 4257
4209 4258
4209 4259
4209 4260
4134 4261
4262 4261
4263 4261
4264 4261
4160 4265
4127 4266
4127 4267
4127 4268
4173 4269
4078 4270
4099 4270
4189 4271
4189 4272
4148 4273
4148 4274
4166 4275
4261 4276
4276 4277
4276 4278
4276 4279
4165 4280
4165 4281
4165 4282
4165 4283
4070 4284
4171 4285
4202 4286
4286 4287
4286 4288
4187 4289
4079 4290
4196 4290
4079 4291
4290 4292
4193 4293
4193 4294
4193 4295
4193 4296
4193 4297
4194 4298
4194 4299
4194 4300
4194 4301
2587 4302
2588 4302
4077 4302
4105 4302
4159 4302
4171 4302
4205 4302
4284 4303
4284 4304
4094 4305
4269 4306
4269 4307
4109 4308
4109 4309
4129 4310
4130 4311
4312 4313
4314 4313
4315 4316
4317 4316
4315 4318
4315 4319
4320 4319
4321 4319
308 4322
4323 4324
4318 4324
4325 4324
4318 4326
4324 4326
4327 4326
4312 4328
4318 4328
4326 4328
4315 4329
4316 4329
4318 4329
4326 4329
4330 4331
4332 4333
4320 4334
4320 4335
4319 4335
4328 4335
4336 4335
4320 4337
4331 4337
4338 4337
4328 4339
4318 4340
4327 4340
4326 4340
241 4341
4333 4342
4341 4342
4338 4343
4337 4343
4324 4344
4326 4344
4345 4346
4324 4347
4326 4347
4344 4347
4346 4347
4342 4348
4342 4349
4337 4350
4343 4350
4337 4351
4340 4351
4343 4351
4344 4351
4350 4351
4318 4352
4327 4352
4326 4352
4340 4352
4343 4352
4344 4352
4351 4352
4322 4353
4333 4353
4346 4353
4348 4353
4349 4353
4323 4354
4324 4354
4347 4354
4322 4355
4333 4355
4346 4355
4353 4355
4314 4356
4328 4356
4357 4356
4335 4356
4337 4358
4350 4358
4359 4358
4315 4360
4316 4360
4318 4360
4326 4360
4328 4360
4329 4360
4333 4360
4354 4360
4320 4361
4337 4361
4343 4361
4332 4362
4333 4362
4353 4362
4355 4362
4315 4363
4332 4363
4362 4363
4364 4365
4362 4365
4323 4366
4337 4367
4315 4368
4320 4368
4334 4368
4351 4368
4361 4368
4369 4368
4370 4368
4323 4371
4333 4371
4346 4371
4348 4371
4349 4371
4353 4371
4355 4371
4362 4371
4320 4372
4318 4372
4319 4372
4326 4372
4340 4372
4351 4372
4352 4372
4361 4372
4368 4372
4373 4372
4357 4374
4352 4374
4368 4374
4375 4374
4372 4374
4350 4376
4377 4376
4315 4378
4316 4378
4329 4378
4333 4378
4360 4378
4327 4379
4344 4379
4377 4379
4315 4380
4319 4380
4381 4382
4332 4382
4333 4382
4362 4382
4371 4382
4315 4383
4316 4383
4364 4383
4329 4383
4384 4383
4360 4383
4362 4383
4365 4383
4378 4383
4382 4383
4334 4385
4361 4385
4324 4386
4387 4386
4346 4386
4347 4386
4340 4388
4352 4388
4326 4389
4340 4389
4313 4390
4328 4390
4335 4390
4332 4391
4333 4391
4360 4391
4362 4391
4382 4391
4326 4392
4339 4392
4323 4393
4387 4393
4371 4393
4386 4393
4324 4394
4347 4394
4357 4395
4352 4395
4315 4396
4332 4396
4333 4396
4362 4396
4363 4396
4382 4396
4391 4396
4386 4397
307 4398
4399 4398
4365 4398
4331 4400
4338 4400
4337 4400
4350 4400
4358 4400
4328 4401
4402 4401
4335 4401
4328 4403
4340 4403
4326 4404
4340 4404
4405 4406
238 4407
4408 4409
343 4410
344 4411
313 4412
4413 4414
4411 4415
342 4416
4408 4417
4416 4418
273 4419
4406 4419
4417 4419
4420 4419
4406 4421
4419 4421
1088 4422
4421 4423
4422 4423
4424 4423
4422 4425
4423 4425
4426 4425
4406 4427
4421 4427
4425 4427
4413 4428
4427 4428
4429 4430
4431 4432
2526 4432
4433 4434
4434 4435
4434 69
4434 4093
4434 481
4436 4437
4436 135
4436 503
2526 4436
4432 4436
4438 4436
4439 4440
4441 4440
4442 4443
4443 4444
4445 844
4446 4447
4446 503
4446 556
4446 815
4446 822
4446 840
4108 4446
4099 4446
4429 4446
4436 4446
4440 4446
4443 4446
4445 4446
4448 84
4446 4448
32 4449
4449 4435
4450 4449
2526 4449
4434 4449
4451 4449
4452 812
4429 4452
4453 4452
4454 4452
4446 4455
4446 4456
4446 4457
4446 4458
4459 4460
4461 4462
3333 4463
4460 4463
4463 4464
3340 4465
4465 4466
4467 4468
4469 4470
4471 4472
4473 4472
4465 4472
4467 4472
4474 4475
4476 4477
4477 4478
4472 4479
4480 4481
4482 4483
4480 4483
4470 4484
4483 4484
4485 4486
4487 4488
2214 4489
4490 4489
4459 4491
3426 4492
4493 4492
4494 4495
4496 4497
4498 4499
4500 4501
4502 4503
4503 4504
4505 4506
4490 4507
4508 4509
4510 4511
4472 4512
4474 4513
2220 4514
4489 4514
4515 4514
2220 4516
4517 4518
4515 4519
4491 4520
4521 4520
4478 4522
4523 4524
4509 4524
4488 4525
4526 4527
4513 4527
4528 4529
4474 4530
2395 4531
4471 4532
4533 4532
4498 4534
4506 4534
4462 4535
4486 4536
4537 4536
4510 4538
4476 4539
4540 4541
4542 4543
4544 4543
4532 4545
3528 4546
4546 4547
2219 4548
4549 4548
4464 4550
4548 4550
4491 4551
4529 4552
4553 4554
4555 4554
4556 4554
4477 4557
4496 4558
3321 4559
4478 4559
4558 4559
4477 4560
4561 4560
4562 4563
4561 4564
4563 4565
4475 4566
4518 4566
4505 4567
4563 4567
4564 4567
4461 4568
4469 4568
4503 4569
4556 4569
4550 4570
4550 4571
4572 4573
4574 4573
4502 4575
4576 4575
4496 4577
4554 4577
4487 4578
4472 4579
4490 4580
4540 4580
4541 4580
3302 4581
4459 4582
4583 4582
4526 4584
4527 4584
4500 4585
4585 4586
4493 4587
4521 4588
4589 4588
4580 4588
4538 4590
4473 4591
4500 4591
4498 4592
4546 4592
4494 4593
4459 4594
4486 4594
4515 4595
4582 4596
4503 4597
4506 4597
4546 4598
4599 4598
4600 4601
4538 4601
4602 4601
4602 4603
4530 4604
4578 4604
4596 4605
4490 4606
4495 4606
4531 4607
3604 4608
4463 4608
4547 4608
4585 4609
2214 4610
4516 4610
2395 4611
4598 4612
2330 4613
4569 4614
4491 4615
4587 4615
4616 4617
4596 4617
4528 4618
4619 4620
4541 4621
4580 4622
4621 4622
4617 4623
4624 4625
4537 4625
4626 4625
4586 4627
4625 4627
4622 4628
4459 4629
4482 4630
4529 4630
4631 4630
2395 4632
4607 4632
4521 4633
4574 4634
4519 4634
4616 4634
2219 4635
4460 4635
4531 4635
4548 4635
4627 4635
4634 4635
4636 4637
4523 4638
4579 4638
4626 4638
4637 4638
3307 4639
4466 4639
4468 4639
4586 4639
4550 4640
4639 4640
4568 4641
4533 4642
4553 4642
4558 4642
2371 4643
4494 4643
4488 4643
4644 4643
4499 4645
4599 4645
4463 4646
4522 4646
4608 4646
4645 4646
4492 4647
4612 4647
4648 4647
4649 4650
4534 4651
4543 4652
4628 4653
4477 4654
4562 4654
4631 4655
4656 4657
4609 4658
4515 4659
4481 4660
4661 4660
4657 4660
4520 4662
4629 4662
4619 4663
4509 4663
4658 4663
3330 4664
4600 4664
3332 4665
4463 4665
4664 4665
4538 4666
4545 4666
4593 4667
4613 4667
4668 4667
4539 4669
4664 4669
4670 4671
4542 4671
4672 4671
4652 4671
4673 4671
4512 4674
4641 4674
4517 4675
4643 4675
4620 4676
4655 4676
4586 4677
4676 4677
4501 4678
4676 4678
4566 4679
4680 4679
2401 4681
4682 4681
4679 4681
4500 4683
4503 4684
4685 4684
4686 4684
4525 4687
4688 4687
4644 4687
4534 4689
4572 4690
4624 4690
4475 4691
4584 4691
4692 4693
4694 4695
4696 4697
4698 4697
4699 4700
4694 4700
4531 4701
4699 4701
4702 4703
4515 4704
4705 4704
4649 4706
4634 4706
4704 4706
4698 4707
4708 4709
4710 4709
4711 4709
4712 4713
4714 4713
4708 4713
4702 4713
4712 4715
4714 4715
4716 4717
4695 4718
4701 4718
4607 4719
4712 4719
4693 4720
4707 4720
4703 4721
4709 4721
4716 4722
4717 4723
4724 4723
4632 4725
4726 4725
4722 4725
4719 4727
4725 4728
4729 4728
2398 4730
4611 4730
4724 4731
4696 4732
4719 4732
4692 4733
4712 4733
4727 4734
4729 4734
4713 4735
4736 4735
2395 4737
4738 4737
4632 4739
4710 4740
4726 4740
4736 4740
4731 4740
4739 4740
4712 4741
2395 4742
4632 4742
4711 4743
4737 4743
4742 4743
4726 4744
4738 4745
4719 4746
4744 4747
3306 4748
4670 4748
4546 4749
4750 4749
4751 4752
4544 4752
4483 4753
4483 4754
4619 4755
4479 4756
4511 4756
4506 4757
4758 4757
4756 4759
4759 4760
4576 4761
4762 4761
4673 4761
4469 4763
4672 4764
4709 4765
4709 4766
4597 4767
4749 4768
4501 4769
4652 4770
4770 4771
4678 4772
4501 4773
4738 4774
4737 4774
4775 4774
4606 4776
4777 4776
4566 4778
4518 4779
4593 4780
4781 4780
4778 4782
4691 4783
4782 4783
4784 4785
4783 4785
4782 4786
4490 4787
4494 4788
4526 4789
4520 4790
4662 4790
4503 4791
4503 4792
4503 4793
4507 4794
4507 4795
4576 4796
4576 4797
4576 4798
4751 4799
4751 4800
4536 4801
4744 4802
4540 4803
4540 4804
4540 4805
4519 4806
4806 4807
4685 4808
4551 4809
4810 4809
4580 4809
4811 4809
4621 4812
4789 4813
4659 4814
4815 4814
4771 4816
4762 4817
4574 4818
4634 4818
4819 4818
4655 4820
4773 4820
3295 4821
3302 4822
4821 4822
4464 4823
4824 4825
2282 4826
4823 4826
4825 4826
4823 4827
4828 4827
4828 4829
4828 4830
4827 4831
3395 4832
4821 4832
4833 4834
4835 4836
4834 4836
2382 4837
4825 4837
4838 4839
4840 4839
2275 4841
4842 4841
4843 959
4844 4843
2344 4845
4846 4845
4847 4845
4848 4849
4850 4849
4845 4849
3281 4851
4542 4851
4852 4853
4853 4854
3422 4855
3318 4856
4542 4857
4858 4857
4859 4857
4460 4860
4828 4860
4851 4860
4857 4860
4860 4861
4860 4862
4846 4863
4836 4864
4865 4864
4859 4866
3312 4867
3338 4867
3304 4868
3310 4868
4470 4868
4867 4868
4854 4869
4870 4871
4872 4871
4834 4871
4853 4871
4855 4873
4871 4873
4874 4875
4876 4877
4871 4877
119 4878
4848 4878
3317 4879
4836 4879
4868 4879
4858 4880
4825 4880
4866 4880
4881 4882
3610 4882
4866 4882
4869 4882
4882 4883
4827 4884
4855 4884
4883 4884
3315 4885
4883 4885
4823 4886
4884 4886
4885 4886
4876 4887
4865 4887
4864 4888
4844 4889
4890 42
4863 4890
4888 4890
4889 4890
1013 4891
4890 4891
4892 4893
2381 4894
4858 4894
4825 4894
4841 4894
4892 4895
4822 4896
4895 4896
4836 4897
4875 4897
4885 4897
1017 4898
4873 4898
4899 4898
4900 4901
4876 4902
4900 4902
4865 4903
4901 4903
4899 4904
4905 4904
4839 4906
4905 4906
4839 4907
4899 4907
4874 4908
4871 4909
4910 4909
4875 4911
4833 4912
4865 4913
4908 4914
4906 4915
4871 4916
4899 4917
4918 4917
4839 4919
4913 4919
4833 4920
4856 4920
4921 4920
4871 4922
4910 4922
4914 4922
4860 4923
4924 4923
4896 4923
4893 4925
4895 4925
4681 4926
4927 762
4926 4927
4927 4928
4929 4930
4930 4931
4932 789
4933 4932
4934 4932
4933 4935
4930 4936
4935 4936
4928 4937
4938 4937
4934 4939
4940 805
4939 4940
