0 1
1 265
1 266
1 544
1 545
1 1025
1 1899
1 2390
2 3
2 4
2 5
2 187
3 1129
3 1632
4 5
4 108
4 187
4 578
4 790
4 1192
4 1303
4 1879
4 2308
5 429
5 1300
5 1879
5 2311
6 7
6 8
6 9
6 10
6 11
6 12
6 13
6 14
6 15
6 167
7 8
7 10
7 11
7 13
7 17
7 42
7 55
7 56
7 57
7 58
7 59
7 60
7 120
7 167
7 169
7 170
7 171
7 173
7 177
7 180
7 182
7 297
7 380
7 383
7 726
7 876
7 957
7 1054
7 1258
7 1288
7 1338
8 17
8 57
8 58
8 171
8 216
8 217
8 218
8 221
8 472
8 473
8 474
8 475
8 881
8 1584
8 1685
8 2512
8 2575
9 13
9 68
9 167
9 172
9 174
9 178
9 181
9 487
9 488
10 11
10 12
10 13
10 56
10 131
10 167
10 170
10 172
10 173
10 176
10 380
10 383
10 497
10 513
10 615
10 669
10 932
10 2222
10 2292
10 2339
10 2442
11 12
11 13
11 56
11 60
11 139
11 167
11 170
11 173
11 176
11 234
11 377
11 380
11 615
11 616
11 932
11 934
12 13
12 56
12 148
12 172
12 176
12 177
12 200
12 377
12 392
12 399
12 407
12 581
12 615
12 635
12 643
12 644
12 1235
12 1243
12 1293
12 1541
12 1564
12 1919
12 2444
13 56
13 167
13 170
13 171
13 172
13 173
13 176
13 359
13 377
13 426
13 488
13 554
13 616
13 1347
13 1717
14 943
14 1024
14 1025
14 1274
14 2158
15 39
15 155
15 377
15 415
15 542
15 546
15 571
15 630
15 923
15 997
15 1192
15 1344
15 1587
15 1592
15 1593
15 1595
15 1958
15 1959
16 17
16 18
16 144
16 660
17 59
17 126
17 383
17 384
17 422
17 527
17 686
17 687
18 172
18 248
18 660
19 20
19 21
19 22
19 23
19 24
19 25
19 141
19 881
19 1562
19 1768
20 21
20 23
20 24
20 98
20 1562
21 23
21 24
21 32
21 33
21 143
21 1562
22 23
22 25
22 33
22 98
22 399
22 400
22 401
23 25
23 72
23 141
23 214
23 246
23 334
23 399
23 402
23 403
23 704
23 881
23 882
23 883
23 957
23 1300
23 1547
23 1562
23 1768
23 1797
23 1798
23 1812
23 1913
23 1914
23 1927
23 2451
24 98
24 140
24 142
24 214
24 319
24 400
24 401
24 704
24 1562
24 2581
25 32
25 33
25 143
25 211
25 1175
25 1562
26 27
26 28
26 29
26 30
26 31
26 489
27 100
27 103
27 130
27 237
27 424
27 489
27 566
27 996
27 1024
27 1025
27 1200
27 1294
27 1310
28 103
28 254
28 446
28 447
28 513
28 669
28 714
28 879
28 1466
28 1936
28 2222
28 2305
28 2442
28 2520
29 40
29 100
29 375
29 723
29 781
29 827
29 955
29 957
29 979
29 987
29 1194
29 1304
29 1305
29 1306
29 1307
29 1348
29 1432
29 1692
29 1988
29 2212
29 2391
30 481
30 483
30 1025
30 1134
30 1135
30 1771
31 100
31 106
31 599
31 770
31 809
31 1270
31 1272
31 1415
31 1417
31 1434
31 1452
31 1629
31 1830
31 1997
31 2269
31 2317
31 2626
31 2638
32 33
32 34
32 35
32 36
32 37
32 38
32 39
32 102
32 140
32 141
32 143
32 183
32 195
32 214
32 735
32 748
32 750
32 895
32 988
32 1175
32 1719
32 1722
32 2379
32 2496
32 2497
32 2558
33 34
33 35
33 140
33 183
33 195
33 214
33 404
33 663
33 748
33 1498
33 2320
33 2506
33 2558
33 2589
34 183
35 183
35 184
35 195
36 192
36 687
36 1071
36 1278
36 1284
37 234
37 957
37 1208
38 659
38 660
38 2058
39 192
39 365
39 377
39 475
39 513
39 542
39 546
39 612
39 630
39 709
39 787
39 909
39 923
39 987
39 988
39 1066
39 1192
39 1276
39 1344
39 1492
39 1587
39 1592
39 1593
39 1595
39 1936
39 1958
39 2222
39 2318
39 2495
39 2544
40 41
40 42
40 43
40 44
40 45
40 67
40 402
40 421
40 458
40 490
40 558
40 559
40 617
40 650
40 816
40 1059
40 1098
40 1201
40 1358
40 1719
40 1829
40 2322
41 64
41 490
41 558
41 650
41 816
41 1059
41 1098
41 1359
41 1360
41 1465
41 2188
41 2309
41 2504
42 1264
42 2163
43 44
43 132
43 146
43 169
43 196
43 377
43 994
43 1241
43 1574
43 1581
43 1701
43 1817
44 113
44 132
44 146
44 169
44 170
44 171
44 377
44 381
44 570
44 617
44 787
44 1574
44 1732
44 1815
44 2441
45 768
45 1201
46 47
46 48
46 49
46 50
46 51
46 705
46 706
46 707
46 732
46 865
46 2639
47 48
47 49
47 50
47 705
47 706
47 708
47 732
47 865
48 49
48 50
48 51
48 375
48 376
48 705
48 706
48 707
48 708
48 732
48 865
49 50
49 705
49 706
49 708
49 732
49 865
50 705
50 706
50 708
50 732
50 865
51 375
51 660
51 746
51 766
51 789
51 956
51 1737
51 2222
51 2442
52 53
52 54
52 67
52 68
52 136
52 268
52 387
52 635
52 698
52 702
52 2629
53 268
53 312
53 387
53 425
53 444
53 636
53 638
53 698
53 702
53 784
53 958
53 999
53 1276
53 1582
53 1714
53 1785
53 1955
53 1966
53 1982
53 2011
53 2253
53 2477
56 380
56 931
57 58
57 1118
58 1118
59 511
59 957
60 71
60 243
60 270
60 460
60 876
60 1225
60 1797
60 1879
60 1889
60 2100
60 2101
60 2479
61 62
61 63
61 226
61 241
61 599
62 116
62 226
62 233
62 238
62 305
62 1773
63 2440
64 65
64 66
64 67
64 68
64 69
64 70
64 71
64 72
64 73
64 74
64 75
64 76
64 77
64 78
64 79
64 80
64 81
64 82
64 83
64 84
64 85
64 86
64 87
64 88
64 89
64 90
64 91
64 92
64 93
64 94
64 95
64 96
64 97
64 368
64 1713
65 66
65 74
65 78
65 80
65 89
65 139
65 216
65 217
65 218
65 219
65 220
65 221
65 222
65 1713
66 74
66 1713
67 68
67 69
67 248
67 267
67 268
67 271
67 272
67 273
67 1950
67 1974
68 69
68 73
68 97
68 102
68 120
68 248
68 267
68 268
68 271
68 274
68 275
68 276
68 277
68 278
68 279
68 280
68 281
68 282
68 283
68 284
68 285
68 286
68 287
68 288
68 289
68 290
68 291
68 292
68 293
68 1101
68 1840
68 1841
68 1973
68 2041
68 2183
68 2546
68 2557
68 2612
69 82
69 202
69 248
69 267
69 268
69 294
69 295
69 296
69 297
69 298
69 2482
70 71
70 74
70 181
70 391
70 392
70 393
70 394
70 395
70 396
70 397
70 398
70 404
70 438
70 440
70 441
70 442
70 1467
70 1557
70 2040
70 2175
70 2370
70 2378
70 2485
71 181
71 202
71 398
71 439
71 440
71 441
71 442
71 864
71 1026
71 1027
71 1557
71 2040
71 2175
71 2438
72 124
72 295
72 411
72 655
72 712
72 713
72 1235
72 1599
72 1913
72 1914
73 124
73 198
73 474
73 500
73 542
73 739
73 855
73 856
73 961
73 1441
73 1506
73 1837
73 2109
73 2230
73 2375
73 2506
73 2595
73 2610
74 80
74 88
74 149
74 163
74 1713
75 138
75 1936
77 120
77 294
77 1286
77 1291
77 2130
78 1310
79 730
79 1237
79 1895
79 1896
80 84
80 883
80 957
80 973
80 1006
80 1797
80 2523
81 2506
82 83
82 86
82 87
82 92
82 95
82 97
82 164
82 281
82 286
82 465
82 471
82 925
82 1100
82 1170
82 1290
82 1476
82 1478
82 1506
82 1529
82 1805
82 2019
82 2020
82 2099
82 2147
82 2227
82 2228
82 2257
82 2272
82 2297
82 2465
82 2508
83 86
83 90
83 92
83 164
83 471
83 736
83 851
83 1036
83 1100
83 1163
83 1473
83 1476
83 1529
83 1805
83 1936
83 2020
83 2122
83 2123
83 2124
83 2125
83 2126
83 2127
83 2297
83 2465
83 2514
84 973
85 513
85 669
85 925
85 1473
85 1499
85 1936
85 2222
85 2442
85 2463
86 90
86 92
86 100
86 118
86 138
86 198
86 736
86 1036
86 1473
86 1805
86 2020
86 2036
86 2147
86 2209
86 2210
86 2227
87 465
87 1149
87 1162
87 1168
87 2210
87 2227
87 2506
88 1202
89 91
89 97
89 579
89 1142
89 1149
89 1168
89 1169
89 1170
89 1171
89 1515
89 1516
89 1519
89 1647
89 2465
89 2506
89 2516
89 2521
89 2578
90 92
90 93
90 221
90 633
90 738
90 1100
90 1329
90 1478
90 1529
90 1767
90 2126
90 2127
90 2209
90 2226
90 2230
90 2423
90 2508
90 2542
90 2594
91 1149
91 1162
91 1473
91 2506
92 93
92 164
92 474
92 737
92 738
92 1100
92 1473
92 2020
92 2126
92 2147
92 2226
92 2468
93 2020
94 660
94 1914
95 376
95 659
95 1473
95 1805
95 2147
95 2210
95 2226
95 2343
96 149
97 466
97 500
97 746
97 951
97 1149
97 1162
97 1168
97 1473
97 1516
97 2297
97 2384
97 2546
98 214
98 400
98 401
98 502
98 503
98 704
98 1818
99 100
99 103
99 130
99 489
99 1200
100 101
100 102
100 103
100 104
100 105
100 106
100 107
100 108
100 109
100 110
100 111
100 964
100 1050
100 1051
100 1112
100 1323
100 1376
100 1493
100 1718
100 1955
100 2222
100 2362
100 2475
100 2494
101 112
101 299
101 1050
101 1051
102 140
102 141
102 142
102 143
102 211
102 578
102 2137
103 230
103 424
103 489
103 879
103 1105
103 1752
103 1853
104 206
104 660
105 192
105 327
105 383
105 384
105 687
105 741
105 957
105 1028
105 1054
105 1071
105 1192
105 1278
105 1282
105 1284
105 1288
105 1303
105 1665
105 2527
106 489
106 660
107 1028
107 1097
107 1943
108 139
108 310
108 426
108 744
108 1574
109 194
109 318
109 775
109 1322
109 1462
111 187
111 192
111 1028
112 113
112 299
112 301
112 819
112 995
112 1112
112 1867
113 131
113 132
113 146
113 147
113 148
113 167
113 170
113 171
113 173
113 651
113 893
113 1189
113 1191
113 1656
113 1812
113 2201
113 2352
113 2353
114 115
114 186
114 660
117 118
117 119
117 120
117 121
117 122
117 123
117 124
117 125
117 276
117 422
117 533
117 535
117 536
117 537
117 660
117 936
117 1118
117 1585
117 1825
117 2295
118 198
118 202
118 204
118 310
118 390
118 481
118 483
118 504
118 505
118 506
118 507
118 508
118 509
118 510
118 527
118 530
118 535
118 536
118 539
118 579
118 645
118 702
118 789
118 855
118 858
118 866
118 938
118 963
118 967
118 968
118 1078
118 1079
118 1134
118 1135
118 1212
118 1216
118 1242
118 1263
118 1363
118 1364
118 1371
118 1372
118 1373
118 1475
118 1648
118 1708
118 1829
118 1831
118 1834
118 1883
118 1903
118 1964
118 2033
118 2142
118 2186
118 2187
118 2190
118 2191
118 2247
119 422
119 482
119 523
119 627
119 1135
119 1231
119 1825
120 126
120 147
120 192
120 233
120 481
120 483
120 485
120 521
120 522
120 523
120 527
120 536
120 622
120 964
120 1134
120 1135
120 1206
120 1242
120 1263
120 1276
120 1277
120 1280
120 1288
120 1289
120 1290
120 1291
120 1292
120 1485
120 1783
120 1792
120 2268
120 2272
120 2318
120 2356
120 2486
120 2585
121 418
121 483
121 523
121 1134
121 1135
121 1231
121 1911
122 530
122 536
122 537
122 539
122 645
122 1020
122 1025
122 1212
122 1771
122 1935
123 530
123 539
123 1020
124 295
124 425
124 481
124 483
124 530
124 539
124 645
124 676
124 712
124 856
124 925
124 962
124 1134
124 1135
124 1512
124 1780
124 1911
125 527
125 529
125 530
125 534
125 539
125 1585
126 127
126 128
126 129
126 267
126 437
126 2100
126 2380
126 2493
126 2494
127 128
128 877
130 237
130 241
130 660
130 744
130 946
130 1028
130 1735
130 1910
131 132
131 133
131 167
131 170
131 171
131 173
131 1191
131 1192
131 1387
131 1605
131 1812
131 2032
132 146
132 171
132 882
132 893
132 1191
132 1812
133 139
133 1161
133 1393
133 1394
133 1395
133 1396
133 1397
133 1398
133 1399
133 1400
133 2553
134 135
134 136
134 137
134 138
134 139
134 705
134 735
138 242
138 500
138 564
138 618
138 907
138 954
138 956
138 989
138 1078
138 1079
138 1160
138 1216
138 1229
138 1242
138 1263
138 1346
138 1366
138 1385
138 1386
138 1389
138 2281
138 2338
138 2407
138 2524
139 243
139 298
139 377
139 659
139 1536
139 1879
139 1889
139 1963
139 2239
139 2338
139 2543
140 143
140 211
140 748
140 1321
141 143
141 211
143 211
143 214
143 215
143 750
143 2137
143 2487
144 145
145 260
146 147
146 171
146 381
146 402
146 994
146 1189
146 1190
146 1191
146 1384
146 1656
146 1812
146 1816
147 172
147 277
147 1135
147 1585
147 2233
148 1422
148 1525
149 150
149 151
149 152
149 153
149 154
149 155
149 156
149 157
149 158
149 159
149 160
149 161
149 162
149 163
149 164
149 165
149 166
149 358
149 369
149 420
149 620
149 966
149 1037
149 1538
149 1806
149 2134
149 2136
149 2541
150 196
150 226
150 319
151 413
151 660
151 782
151 1028
151 1859
152 1138
152 1530
153 262
153 483
153 611
153 991
153 1020
153 1023
153 1026
153 1135
155 165
155 597
155 1296
155 2541
156 196
157 460
157 653
157 692
157 694
157 695
157 1422
157 1423
157 1424
157 1458
157 2221
158 162
158 198
158 1275
159 1290
159 2384
159 2500
159 2529
159 2541
160 188
160 579
160 676
160 1011
160 1119
160 1374
160 2254
161 319
161 579
161 833
161 851
161 1028
161 1273
161 1472
161 2027
161 2410
162 163
162 384
162 735
162 1258
162 1789
162 1936
162 2115
162 2222
162 2426
162 2486
162 2504
162 2529
162 2546
162 2592
162 2604
163 198
163 1275
164 165
164 471
164 736
164 737
164 738
164 1473
164 2020
164 2226
165 1133
165 1290
165 1473
165 2500
166 433
166 1296
166 2523
166 2609
167 168
167 169
167 170
167 171
167 172
167 173
167 174
167 175
167 176
167 177
167 178
167 179
167 180
167 181
168 170
168 173
168 892
168 893
168 1812
169 377
169 378
169 379
169 380
169 381
169 1573
169 1574
169 2074
170 173
170 176
171 325
171 382
171 383
171 384
171 385
171 688
171 1812
172 173
172 174
172 176
172 177
172 178
172 252
172 487
172 488
172 554
172 2339
173 174
173 176
173 177
173 178
173 181
173 488
173 555
173 556
173 557
174 248
174 250
174 554
174 590
174 2040
175 667
177 178
177 180
177 554
180 181
181 233
181 456
181 1467
182 183
182 184
182 185
182 726
183 195
183 214
183 663
183 748
183 2558
183 2589
184 209
184 726
185 209
185 551
185 1134
185 1742
185 1743
185 2535
187 188
187 189
187 190
187 191
187 192
187 274
187 277
187 758
187 964
187 1024
187 1718
187 1801
187 1823
187 1963
187 2145
187 2432
190 376
192 286
192 310
192 327
192 383
192 384
192 436
192 687
192 787
192 903
192 957
192 1004
192 1028
192 1054
192 1066
192 1071
192 1130
192 1278
192 1282
192 1283
192 1284
192 1285
192 1288
192 1303
192 1334
192 1335
192 1336
192 1964
192 2009
192 2543
193 194
193 226
193 238
194 226
194 230
194 232
194 233
194 236
194 240
194 252
194 306
194 309
194 310
194 311
194 313
194 331
194 418
194 613
194 719
194 720
194 721
194 722
194 723
194 724
194 725
194 929
194 1085
194 1217
194 1420
194 1512
194 1705
194 1726
194 2018
194 2273
194 2362
195 319
196 364
196 365
196 366
196 368
196 499
196 500
196 501
196 566
196 802
196 879
196 895
196 966
196 1037
196 1245
196 1458
196 1461
196 1462
196 1784
196 1785
196 2256
196 2399
196 2470
196 2483
196 2501
197 198
197 199
197 200
197 201
197 202
197 203
197 204
197 733
197 855
198 199
198 200
198 201
198 202
198 203
198 204
198 210
198 234
198 371
198 594
198 631
198 710
198 730
198 858
198 1366
198 2001
198 2541
199 203
199 205
199 494
199 594
199 858
200 203
200 498
200 718
200 858
201 203
201 494
201 858
202 203
202 494
202 498
202 682
202 841
202 855
202 856
202 858
202 860
202 864
202 1089
202 1291
202 1357
202 1837
202 1889
202 1895
202 2247
202 2276
202 2571
203 204
203 205
203 206
203 494
203 498
203 576
203 753
203 855
203 858
203 860
203 2010
204 205
204 498
204 855
204 858
204 860
205 206
205 207
205 208
205 260
205 405
205 452
205 676
205 680
205 1174
206 207
206 208
206 411
206 460
206 493
206 494
206 495
206 496
206 497
206 498
206 570
206 571
206 573
206 574
206 576
206 594
206 631
206 676
206 677
206 679
206 680
206 1049
206 1369
207 411
207 412
207 851
207 996
208 412
208 571
208 633
209 377
211 212
211 213
211 214
211 215
211 956
213 1427
214 1175
216 252
216 474
216 739
217 218
217 221
217 739
217 2244
218 221
218 475
218 1667
218 1840
218 2093
218 2172
218 2244
218 2506
219 1797
221 240
221 474
221 475
221 641
221 739
221 1797
221 1815
221 1840
221 2172
221 2244
222 579
222 660
223 224
223 225
223 742
224 742
225 658
225 659
225 665
225 789
225 1550
225 1808
225 2394
226 227
226 228
226 229
226 230
226 231
226 232
226 233
226 234
226 235
226 236
226 237
226 238
226 239
226 240
226 241
226 242
226 243
226 244
226 245
226 246
226 247
226 248
226 249
226 250
226 251
226 252
226 253
226 305
228 1331
228 1928
229 241
229 425
229 426
229 599
230 231
230 415
230 443
230 444
230 445
230 446
230 447
230 448
230 449
230 450
230 451
231 443
231 444
231 445
231 446
231 452
231 782
231 943
231 1580
231 2188
232 305
233 236
233 246
233 305
233 306
233 308
233 309
233 311
233 320
233 331
233 418
233 546
233 547
233 548
233 549
233 550
233 551
233 552
233 553
233 555
233 587
233 755
233 901
233 1044
233 1118
233 1247
233 1262
233 1343
233 1569
233 1642
233 1706
233 1754
233 1783
233 1957
233 2007
233 2013
233 2014
233 2044
233 2047
233 2048
233 2049
233 2050
233 2051
233 2054
233 2206
234 252
234 335
234 350
234 2017
235 879
236 306
236 311
236 331
236 367
236 386
237 241
237 599
237 609
237 660
237 661
239 715
240 246
240 305
240 307
240 308
240 309
240 312
241 247
241 310
241 331
241 443
241 601
241 734
241 1734
242 319
242 443
242 604
242 879
243 248
243 404
243 878
243 1146
243 1147
243 1215
243 2098
243 2101
243 2535
243 2566
246 1064
246 1309
246 1745
246 1926
246 2153
246 2362
247 388
247 612
247 645
247 2502
247 2607
247 2610
248 250
248 267
248 1839
249 319
250 590
250 1839
250 2040
250 2154
250 2155
251 912
251 2173
251 2350
252 277
252 319
252 350
252 388
252 637
252 651
252 875
252 938
252 1024
252 1822
252 2422
254 879
254 1645
255 256
255 593
256 593
256 660
256 698
256 699
256 700
256 701
258 259
258 260
258 261
259 261
259 277
259 290
259 835
259 1801
260 493
260 494
260 498
260 682
260 841
260 847
262 263
262 264
262 306
262 730
262 859
262 861
262 864
262 899
262 2111
262 2131
263 277
263 281
263 291
263 293
263 580
263 581
263 730
263 833
263 1579
263 1801
263 2085
263 2294
263 2527
264 1430
264 1431
264 2170
264 2250
265 545
265 1899
266 1566
266 1674
266 1675
266 1899
267 268
267 269
267 270
267 1473
268 386
268 461
268 635
268 698
269 740
269 889
269 1305
269 1547
270 389
270 886
270 887
270 1843
270 1844
270 2169
270 2569
271 301
271 305
271 456
271 457
271 993
271 1122
271 1801
272 622
273 660
273 715
273 1042
273 1043
274 365
274 476
274 685
274 1258
276 334
276 730
276 1231
277 481
277 483
277 527
277 533
277 539
277 606
277 645
277 1134
277 1135
277 1292
278 412
278 516
278 573
278 1714
279 445
280 1184
281 856
281 1149
281 1162
281 1172
281 1473
281 1647
281 2020
283 1017
283 1116
283 1198
285 2178
286 737
286 2020
286 2226
286 2296
287 358
287 2009
288 796
290 361
290 552
290 606
290 934
290 1593
290 2314
290 2346
290 2492
290 2541
290 2545
291 796
291 927
291 1367
291 1799
291 1895
291 1942
291 2228
291 2423
291 2580
293 1942
294 297
294 375
294 432
294 433
294 651
294 737
294 809
294 969
294 1143
294 1144
294 1145
294 1381
294 1783
294 2100
295 323
295 655
295 712
295 713
295 1133
295 1235
295 1238
295 1598
295 1602
295 1913
295 1914
296 542
296 877
296 1149
296 1168
296 1516
296 2277
296 2516
296 2520
297 2100
298 813
299 300
299 301
299 2631
300 1590
300 1594
300 1893
301 456
301 1715
302 303
302 304
303 304
303 369
303 436
303 2148
304 834
304 1771
305 306
305 307
305 308
305 309
305 310
305 311
305 312
305 313
305 314
305 315
305 316
305 317
305 318
306 308
306 309
306 314
306 317
306 369
306 453
306 454
306 455
306 717
306 724
306 725
306 1217
306 1512
306 1569
306 1705
306 1706
306 1726
306 2046
307 309
307 1217
308 309
308 370
308 415
308 418
308 719
308 723
308 1217
308 1579
308 1580
309 1569
309 1706
309 2007
309 2013
309 2014
309 2015
309 2044
310 311
310 313
310 318
310 331
310 669
310 677
310 744
310 1028
310 1488
310 1489
310 1579
310 1666
310 1667
310 1668
310 1726
310 1727
310 1728
310 1729
310 1730
310 1731
311 313
311 319
311 331
311 390
311 553
311 1432
311 1488
311 1489
311 1501
311 1705
311 1732
311 1733
311 1734
311 2284
311 2455
312 430
312 443
312 445
312 636
312 638
312 647
312 660
312 1103
312 1134
312 1955
313 1488
313 1489
313 1666
313 1667
313 1668
316 1983
317 717
317 993
317 1401
318 1027
318 1201
318 1283
318 1493
318 1504
318 1784
318 1785
318 2206
319 320
319 321
319 322
319 323
319 324
319 325
319 326
319 327
319 328
319 329
319 330
319 331
319 332
319 333
319 334
319 335
319 336
319 337
319 338
319 339
319 340
319 341
319 342
319 343
319 344
319 345
319 346
319 347
319 348
319 349
319 350
319 351
319 352
319 353
319 354
319 355
319 356
319 357
319 358
319 359
319 360
319 1668
319 2411
320 416
320 417
320 418
320 419
320 420
321 476
321 477
321 478
321 479
321 480
321 660
321 1778
322 417
322 610
322 611
322 612
323 369
323 621
323 655
323 656
323 1599
323 1600
323 1602
323 1603
323 1914
324 1276
324 1278
324 1785
325 1125
325 1126
325 1838
327 383
327 510
327 687
327 1054
327 1250
327 1278
327 1282
327 1283
327 1284
327 1303
327 2527
329 1375
331 390
331 553
331 660
331 1488
331 1489
331 1501
331 1705
331 1732
331 1733
331 1734
331 2284
331 2455
333 1568
335 350
335 651
335 1418
335 1737
335 1822
336 369
336 943
337 1205
350 637
358 579
358 645
360 2174
361 362
363 364
363 365
363 366
363 368
363 513
363 1243
363 1323
364 365
364 368
365 366
365 367
365 368
365 733
365 1027
365 1271
365 1493
365 1806
366 564
366 566
366 1412
366 1414
366 1419
366 1739
366 2503
367 562
367 1406
367 1412
367 1414
367 1419
367 2628
368 369
368 370
369 372
369 656
369 681
369 769
369 1003
369 1019
369 1093
369 1094
369 1095
369 1096
369 1097
369 1098
369 1099
369 1100
369 1105
369 1106
369 1598
369 1850
369 1913
370 936
370 1208
370 1366
370 1417
370 1740
370 2024
371 372
371 373
371 374
371 1095
371 1106
374 2134
375 413
375 414
375 415
375 660
375 742
375 765
375 2302
377 379
377 380
377 381
377 451
377 615
377 931
377 932
377 933
377 934
377 1573
377 1574
377 2441
378 1471
378 1616
379 380
379 451
379 933
379 934
379 1573
379 1574
380 451
380 934
380 1573
380 1574
381 893
381 933
381 1573
381 1574
381 1732
381 1815
381 1817
381 2441
381 2443
382 1811
382 2406
383 384
383 436
383 687
383 739
383 740
383 741
383 957
383 1278
383 1282
383 1284
383 1285
383 1336
383 1665
383 2009
383 2487
384 533
384 687
384 1282
384 1284
384 1285
384 1288
384 1334
384 1464
384 2543
386 653
386 692
386 693
386 695
386 787
386 933
386 1004
386 1053
386 1423
386 1424
386 2221
387 388
387 389
387 390
387 875
387 956
387 2137
387 2340
387 2471
387 2611
389 1196
390 460
390 1788
390 2102
392 651
392 1112
392 1117
392 1135
392 1318
392 1867
394 660
398 1467
398 2232
399 400
399 401
399 615
399 881
399 882
399 886
399 1006
400 1810
402 893
402 1190
402 1812
402 1817
403 1391
403 1812
404 886
404 1221
404 1222
404 1223
404 1889
404 2101
404 2304
405 406
405 452
405 542
407 408
407 840
407 848
408 631
408 838
409 410
409 411
409 412
410 411
410 412
410 570
410 571
410 573
410 574
410 575
410 619
410 633
410 662
410 684
410 988
410 996
411 412
411 497
411 570
411 571
411 573
411 574
411 575
411 577
411 587
411 591
411 592
411 594
411 618
411 619
411 631
411 633
411 671
411 672
411 673
411 674
411 675
411 676
411 677
411 678
411 679
411 680
411 683
411 727
411 836
411 996
411 1546
411 2037
412 570
412 571
412 573
412 574
412 575
412 577
412 594
412 620
412 631
412 677
412 679
412 680
412 996
412 1736
413 579
413 782
413 1028
414 800
414 1038
415 446
415 660
415 770
415 789
415 979
415 1580
415 1737
417 1021
417 1022
418 555
418 587
418 1343
418 1642
418 1957
418 1995
418 2014
418 2047
419 420
419 734
419 1849
419 1859
421 422
421 423
421 456
422 481
422 483
422 484
422 521
422 525
422 527
422 530
422 645
422 1134
422 1135
422 1206
422 1207
423 972
423 1473
423 1506
423 2343
424 636
424 638
424 664
424 1401
425 660
425 734
425 798
425 1267
425 1268
425 1269
425 1270
425 1735
425 1904
425 2390
426 943
426 1806
426 1945
427 428
427 837
428 485
428 997
428 1048
428 1278
428 1280
428 1285
428 1785
428 1790
429 430
429 431
429 432
429 433
429 434
429 435
429 2193
430 431
430 432
430 433
430 434
430 435
430 604
430 636
430 637
430 638
430 639
430 640
430 941
430 2193
431 432
431 433
431 434
431 435
431 711
431 756
431 757
431 941
431 2193
432 434
433 434
433 435
433 651
433 660
433 2193
434 435
434 746
434 756
434 954
434 2193
435 735
435 1493
435 1879
436 660
436 687
436 739
436 744
436 957
436 1278
436 1845
436 2042
436 2212
436 2543
437 438
438 783
439 1392
439 1827
439 2086
440 1002
440 1467
441 1467
443 444
443 446
443 447
443 636
443 638
443 646
443 647
443 648
443 649
443 895
443 941
444 1738
445 1738
445 1739
446 447
446 448
446 798
446 1740
446 1985
447 660
447 751
447 767
447 781
447 782
448 941
449 1410
450 1585
451 933
451 934
451 1573
451 1574
452 542
456 457
456 458
456 459
457 1310
460 461
460 462
460 463
460 464
460 875
460 1084
460 1186
460 1300
460 1713
460 2094
460 2100
460 2220
461 1300
461 1301
462 472
462 662
462 1873
462 1879
462 1891
465 466
465 467
465 468
465 469
465 470
465 471
465 1036
465 2197
465 2227
465 2228
466 513
466 669
466 1149
466 1162
466 1936
466 2107
466 2222
466 2442
467 470
468 1044
469 1097
470 1149
470 1172
470 1473
470 2210
471 1204
471 1473
471 1478
471 1805
471 2126
471 2209
471 2297
471 2418
471 2525
471 2526
471 2529
471 2542
472 656
472 1187
472 1368
472 1426
472 1427
472 1428
472 1429
472 1547
472 1945
472 2460
473 562
473 565
473 915
473 920
473 1176
473 1344
473 1412
473 1414
473 1417
473 1419
473 1739
474 475
474 503
474 739
474 899
474 962
474 1171
474 1799
474 2019
474 2231
474 2244
474 2303
474 2423
474 2550
475 739
475 1904
476 477
476 478
476 603
476 654
476 1090
476 1091
476 2061
477 478
477 605
477 654
478 654
479 480
479 658
479 764
479 766
479 2216
480 1481
480 1484
481 482
481 483
481 484
481 485
481 486
481 521
481 523
481 530
481 536
481 937
481 1206
481 1207
481 1585
481 1826
481 2138
482 483
482 521
483 484
483 486
483 521
483 523
483 530
483 533
483 536
483 537
483 651
483 937
483 1206
483 1207
483 1585
483 1826
483 2138
484 486
484 645
484 1134
484 1135
484 1206
484 1491
484 1492
484 1826
485 628
485 1048
485 1135
485 1277
485 1278
485 1280
485 1285
485 1785
485 1791
485 1792
485 2477
485 2527
485 2562
486 645
486 1134
486 1135
486 1491
486 1492
489 490
489 491
489 492
489 1050
489 1051
489 2108
490 1309
490 1310
490 1964
491 1028
491 1310
492 1028
493 494
493 576
493 677
493 684
494 576
494 677
494 680
494 684
494 685
494 846
494 851
494 852
494 853
494 2570
495 575
495 1369
496 2147
497 498
497 575
497 594
497 631
497 633
497 677
497 680
497 1036
497 1370
497 1824
498 576
498 677
498 679
498 680
498 684
498 685
498 848
498 860
498 1239
498 2010
498 2570
498 2571
499 879
499 1273
499 1461
500 516
500 552
500 893
500 903
500 962
500 1028
500 1081
500 1258
500 1374
500 1441
500 1473
500 1536
500 1874
500 2397
502 1299
503 881
503 882
503 883
503 884
503 885
503 1264
503 1927
503 2185
506 1135
507 1551
507 1785
511 512
511 957
511 1004
511 1874
511 2431
512 916
513 660
513 742
513 841
513 862
513 1319
513 1602
513 1714
513 2056
513 2102
513 2222
513 2224
513 2441
514 515
516 517
516 518
516 519
516 520
516 990
516 1040
516 1098
516 1243
516 2182
516 2549
516 2556
516 2563
516 2617
517 518
518 519
521 522
521 523
521 524
521 525
521 526
521 1835
522 1213
523 527
523 528
523 535
523 1135
523 1231
523 1232
523 2095
523 2112
523 2115
523 2118
523 2341
523 2554
523 2601
524 525
525 1134
527 528
527 529
527 530
527 531
527 532
527 533
527 534
527 535
527 536
527 537
527 538
527 539
527 866
527 960
527 1585
527 1831
528 543
528 1716
529 1585
530 535
530 536
530 539
530 645
530 1118
530 1134
530 1135
530 2295
531 532
532 535
532 536
532 538
532 1118
532 1119
533 645
533 873
533 1088
533 1133
533 1134
533 1135
533 1153
533 1154
533 1801
533 1822
533 2527
534 535
534 1585
535 536
535 1206
536 539
536 579
536 645
536 702
536 789
536 855
536 857
536 878
536 958
536 1134
536 1135
536 1206
536 1214
536 1835
537 645
537 1135
537 1231
538 568
538 645
538 1691
539 1135
539 2295
540 541
540 542
540 718
542 571
542 682
542 751
542 858
542 1803
544 545
544 1659
546 570
546 606
546 915
546 920
546 923
546 1344
546 1345
546 1587
546 1593
546 1719
546 1958
547 1410
547 2001
549 1894
550 1837
550 2052
550 2053
550 2096
550 2230
550 2290
550 2291
550 2529
552 1783
552 1801
552 2115
552 2354
553 1432
557 1162
559 660
560 561
560 623
562 563
562 564
562 565
562 566
562 567
562 568
562 569
563 1176
563 1390
563 1412
563 1414
563 1415
563 1417
563 1419
564 566
564 1412
564 1414
564 1419
565 1176
565 1412
565 1414
565 1419
565 1923
566 942
566 1412
566 1419
566 1739
567 1412
567 1414
567 1419
567 1739
568 1028
568 1414
568 1419
568 1627
568 1759
568 1795
568 1954
568 2121
568 2251
568 2436
568 2510
569 1412
569 1414
569 1419
570 571
570 572
570 573
570 574
570 575
570 576
570 577
570 619
570 620
570 988
570 996
570 1956
571 572
571 573
571 574
571 575
571 576
571 619
571 620
571 630
571 996
572 620
572 1333
573 574
573 575
573 576
573 577
573 620
573 677
573 996
573 1961
574 575
574 576
574 577
574 620
574 996
575 576
575 577
575 620
575 676
575 677
575 856
575 988
575 996
575 1049
575 1961
576 840
576 855
576 858
578 579
578 896
578 1801
579 659
579 755
579 786
579 794
579 1264
579 1295
579 1296
579 1458
579 1974
579 2485
579 2530
580 1054
582 583
582 635
583 635
583 1076
583 2184
583 2220
583 2252
584 585
584 586
585 586
586 2445
586 2446
588 589
588 907
588 2226
589 907
589 2296
590 1627
594 631
594 633
594 677
594 679
594 680
594 718
594 851
594 852
594 854
594 1501
594 1892
594 2001
594 2214
594 2439
594 2447
594 2548
595 596
597 598
599 600
599 601
599 602
600 646
600 941
600 1202
600 1530
601 2194
603 1090
603 1091
603 2621
605 654
606 866
606 875
606 964
606 988
606 1186
606 1397
606 1409
606 1588
606 1589
606 1823
606 1964
606 2515
606 2531
607 608
607 1808
607 2394
610 1505
610 1585
610 1734
610 2267
611 660
611 770
611 811
611 933
611 1028
611 1092
611 1270
611 1444
612 979
612 1714
612 2467
612 2502
612 2559
613 614
613 1983
614 1417
614 2222
614 2442
617 1059
617 2211
618 619
618 620
619 620
619 730
619 731
619 1585
620 988
620 996
621 622
621 769
622 1072
622 1184
622 1507
622 1586
622 1709
622 1710
622 1711
622 1712
623 624
623 625
623 626
624 625
624 626
625 626
627 628
627 629
627 1206
628 1055
628 1116
628 1140
628 1278
628 1280
628 1283
628 1285
628 1785
628 1790
628 2028
628 2029
629 1278
629 1282
629 1285
629 1530
629 1785
629 1845
629 2030
630 923
630 1344
630 1345
630 1587
630 1593
630 1958
631 632
631 633
631 634
632 718
633 736
633 737
633 738
633 2226
635 1933
635 1934
636 638
636 941
636 954
636 958
636 1038
636 1982
636 2005
637 938
638 647
638 943
638 958
638 1038
638 1982
638 1983
638 2005
641 642
641 668
641 875
641 1055
641 1819
641 1820
641 1821
642 1787
642 1819
642 1967
642 2152
644 932
644 1015
645 1007
645 1008
645 1088
645 1206
645 1207
645 1585
645 1588
645 1741
645 1826
645 1903
645 1947
645 2019
645 2422
646 734
647 660
647 734
648 1293
648 1952
648 2174
649 660
649 734
649 2001
649 2002
650 1059
651 1144
651 1227
651 1228
651 1318
651 1804
651 2133
651 2481
651 2484
651 2489
652 653
653 692
653 693
653 694
653 695
653 709
653 776
653 781
653 782
653 827
653 977
653 978
653 979
653 981
653 982
653 983
653 986
653 1025
653 1030
653 1348
653 1349
653 1352
653 1353
653 1464
653 1747
653 1750
653 2213
653 2240
653 2295
653 2347
653 2361
653 2461
653 2517
653 2618
654 1585
654 1779
655 656
655 713
655 1235
655 1598
655 1599
655 1602
655 1603
655 1913
655 1914
656 713
656 1187
656 1427
656 1428
656 1547
656 1602
656 1603
656 1913
656 1914
656 2606
657 658
657 659
658 659
658 665
658 1134
658 1550
659 789
659 1226
659 1808
659 2394
660 742
660 745
660 761
660 762
660 763
660 764
660 765
660 766
660 767
660 768
660 769
660 770
660 771
660 772
660 773
660 774
660 775
660 776
660 777
660 778
660 779
660 780
660 781
660 782
660 783
660 784
660 785
660 786
660 787
660 788
660 789
660 790
660 791
660 792
660 793
660 794
660 795
660 796
660 797
660 798
660 799
660 800
660 801
660 802
660 803
660 804
660 805
660 806
660 807
660 808
660 809
660 810
660 811
660 812
660 813
660 814
660 815
660 816
660 817
660 818
660 819
660 820
660 821
660 822
660 823
660 824
660 825
660 826
660 827
660 828
660 829
660 830
660 831
660 1356
660 1481
660 1584
660 1955
660 2494
660 2511
660 2579
660 2619
662 1797
662 1886
662 2292
663 748
664 665
664 666
665 1226
668 669
668 670
669 685
669 735
669 742
669 841
669 997
669 1254
669 1602
669 1714
669 2441
673 703
673 1253
673 1831
675 730
675 747
675 1196
675 1212
675 1646
675 1649
675 1831
676 677
676 679
676 680
676 1049
676 2151
676 2298
676 2392
676 2472
676 2478
676 2509
676 2540
677 679
677 680
677 1036
677 1370
677 1824
679 1370
680 1824
680 2109
680 2112
680 2115
680 2117
680 2118
680 2554
680 2614
682 683
682 684
682 685
682 848
683 702
684 840
684 1370
685 840
685 841
685 842
685 843
685 851
685 853
685 1250
685 1936
686 1241
686 1260
687 715
687 740
687 741
687 779
687 882
687 883
687 885
687 903
687 957
687 1054
687 1071
687 1278
687 1282
687 1283
687 1284
687 1285
687 1288
687 1303
687 1336
687 1665
687 2527
687 2543
688 689
688 690
688 691
689 2283
690 691
690 1968
691 1968
692 693
692 694
692 695
693 695
693 1424
693 1793
693 1998
693 2221
694 695
694 715
694 897
694 898
694 1423
694 1424
694 1793
694 2195
694 2221
696 697
696 1041
696 1121
696 1198
696 1661
696 1829
696 1971
696 1972
696 2179
696 2408
697 1017
697 1829
698 784
699 700
699 701
699 1974
700 701
700 1974
701 1974
702 777
702 810
702 1141
702 1142
702 1453
702 1454
702 1455
702 2338
703 1212
703 1831
705 706
705 707
705 708
705 709
705 732
705 865
706 707
706 708
706 732
706 865
707 708
707 865
708 732
708 865
709 776
709 977
709 1139
709 1140
709 1348
709 1349
709 2031
709 2382
711 941
712 1133
712 1235
712 1499
713 1598
713 1599
713 1600
713 1602
713 1603
713 1796
713 1913
713 1914
713 2606
715 915
715 1042
715 1043
715 1044
715 1045
715 1046
715 1047
715 1048
715 1055
715 1056
715 1801
715 2043
715 2303
715 2438
715 2439
716 717
717 1107
717 1108
717 1726
719 1022
719 2401
722 863
722 1407
723 1792
723 1957
723 2014
723 2401
725 1217
725 1737
728 729
729 916
729 1014
729 1015
729 1016
729 1017
729 1018
729 2097
730 996
730 1089
730 1133
730 1196
730 1794
730 1847
730 1848
732 865
734 832
734 833
734 907
734 936
734 941
734 1397
734 1530
734 1932
734 1960
736 737
736 1476
736 1529
736 2019
736 2123
736 2226
736 2296
736 2422
737 1529
737 2020
737 2226
737 2296
737 2422
737 2423
738 2099
738 2226
738 2560
739 962
739 1054
739 1276
739 1791
739 2244
740 1302
740 2627
741 1285
742 743
742 744
742 745
742 746
742 2222
742 2442
743 959
744 768
744 1028
744 1200
744 1201
744 1202
744 1376
744 1734
744 1783
744 2206
745 1002
745 2049
746 1580
747 1401
749 1317
751 793
751 1294
752 753
752 754
752 2376
753 754
753 860
753 1411
753 2128
753 2215
754 1411
754 2215
754 2377
754 2437
754 2628
755 789
755 2015
756 757
757 1127
757 1750
758 759
758 760
761 770
763 2432
764 765
765 766
765 780
765 781
765 782
765 799
765 800
765 812
765 827
765 1012
765 1013
767 799
767 1020
768 1000
768 1031
768 1032
768 1033
768 1034
768 1035
768 1036
768 1319
768 1521
768 1890
768 2207
768 2279
768 2282
768 2300
768 2312
768 2313
768 2316
768 2319
768 2321
769 943
769 1109
769 1110
770 811
770 1158
771 943
771 1224
771 2188
772 1241
772 1248
774 1241
774 1248
774 1249
774 1260
775 1322
775 1323
775 1324
776 781
776 782
776 977
776 984
776 985
777 958
777 1141
777 1453
777 1454
777 1455
777 2338
779 784
779 785
779 990
779 1349
779 1383
779 1774
779 1775
779 1776
781 1050
781 1051
781 1241
782 977
782 1050
782 1051
782 1980
783 1397
783 1777
783 2064
783 2136
783 2452
783 2572
784 785
784 1383
784 1774
784 1775
784 1776
784 1934
785 1383
785 1774
785 1775
785 1776
786 789
786 987
786 990
787 788
787 933
787 1288
787 1376
787 1573
787 1574
787 1773
787 1806
787 2407
787 2441
788 807
788 1731
788 1807
789 1506
789 1754
789 1808
789 2281
790 896
790 1031
791 990
791 1052
791 1727
791 1868
791 1869
792 1283
792 1872
792 1876
793 1894
794 1002
795 1939
795 1941
795 2429
796 1945
800 1994
803 918
803 1588
804 1264
807 1206
807 1664
807 1806
807 1964
808 2088
815 1111
818 2144
821 1085
821 2134
821 2136
821 2362
823 2498
824 2383
825 1028
827 977
827 1349
833 856
833 1496
833 2261
833 2265
834 1771
834 1773
839 840
839 841
839 842
840 842
840 843
840 844
840 845
840 846
840 847
840 848
840 849
840 850
840 851
840 852
840 853
840 854
840 894
841 842
841 843
841 844
841 846
841 851
841 852
842 844
842 848
842 851
842 852
842 854
843 844
843 845
843 846
843 847
843 848
843 1382
844 845
844 846
844 847
844 848
844 1382
845 847
845 848
846 848
847 848
848 851
848 1382
848 1383
851 854
851 1149
851 1239
851 1473
851 1797
851 1837
851 2506
851 2583
855 856
855 857
855 858
855 859
855 860
855 861
855 862
855 863
855 864
856 961
856 962
856 2230
856 2610
857 1539
858 863
858 2010
859 1089
859 1585
860 2010
861 1089
862 1205
862 1809
862 1883
862 1886
862 2420
862 2421
863 1089
863 1473
863 1946
863 1985
863 2375
863 2546
864 1089
867 868
867 869
867 870
867 871
868 869
868 870
868 871
869 870
870 871
871 872
871 873
871 874
871 1899
872 2636
873 874
873 1944
874 1899
875 876
875 877
875 878
876 1084
876 1110
876 1889
876 2100
876 2101
877 1301
877 1632
877 1965
877 2332
877 2333
877 2334
877 2335
877 2336
878 1889
878 2100
878 2101
878 2479
878 2535
879 880
881 882
881 883
881 884
881 885
882 883
882 884
882 885
882 2451
883 884
883 885
883 1783
883 1797
884 885
886 887
886 1089
886 1287
886 1843
886 1844
887 1843
887 1844
887 1898
889 890
889 891
890 891
890 1305
890 2424
892 893
892 1812
893 994
893 1190
893 1191
893 1192
893 1384
893 1498
893 1499
893 1656
893 1812
893 2369
893 2604
895 896
896 1585
896 1879
897 898
897 899
897 900
897 1080
897 1082
897 1083
897 1951
897 2203
898 899
898 929
898 1080
898 1081
898 1082
898 1083
898 1085
898 1086
898 1116
898 1951
898 2260
898 2273
898 2471
898 2591
899 1080
899 1082
901 902
902 1135
903 904
903 905
903 906
903 907
903 908
903 909
903 910
903 1948
903 2457
904 906
904 911
906 911
906 921
907 913
907 915
907 942
907 1125
908 1184
909 1415
911 922
911 923
911 924
911 1819
912 913
913 914
915 916
915 917
915 918
915 919
915 920
915 2205
916 957
916 1018
916 1159
916 1160
916 1184
916 1300
916 1391
916 1990
916 2431
917 918
917 920
918 919
918 920
918 923
918 1344
918 1407
918 1408
918 1587
918 1588
918 1589
918 1591
918 1596
918 1741
918 1921
918 1922
918 2205
919 920
920 1344
920 1408
920 1815
920 1922
920 2205
921 1208
922 924
922 1406
922 1407
922 1408
922 1411
922 1596
922 1978
922 2128
922 2377
923 989
923 1416
923 1587
923 1588
923 1589
923 1591
923 1592
923 1593
923 1595
923 1719
924 1406
924 1407
924 1408
924 1596
924 1766
925 926
925 927
925 930
926 927
926 928
927 928
927 929
927 930
928 930
929 1107
929 1781
929 1782
929 1783
933 934
933 973
933 988
933 1225
933 1554
933 1555
933 1573
933 1574
933 1942
934 1084
934 1573
935 936
935 937
936 937
936 1218
937 1135
938 1277
938 1537
939 940
939 2065
939 2082
940 2065
940 2066
940 2067
940 2068
940 2069
940 2070
940 2071
940 2072
940 2073
940 2074
940 2076
940 2079
940 2080
940 2081
940 2082
940 2083
941 942
942 2503
943 944
943 945
943 946
943 947
943 948
943 949
943 950
943 951
943 952
943 953
943 2188
944 1933
945 2188
954 955
954 956
954 2281
955 957
956 2137
956 2281
957 1048
957 1054
957 1191
957 1278
957 1283
957 1284
957 1285
957 1288
957 1300
957 1301
957 1302
957 1303
957 2140
957 2212
957 2248
957 2527
958 1141
958 1453
958 1455
958 1582
958 1714
958 1785
959 1744
962 2375
963 964
963 965
964 1002
964 1285
964 1963
964 2285
964 2342
964 2464
966 967
966 968
966 969
967 968
969 2134
969 2136
970 971
970 972
970 973
970 974
971 974
972 1505
973 1554
973 1881
973 1939
973 1942
973 2259
975 976
976 1308
977 978
977 979
977 980
977 981
977 982
977 983
977 984
977 985
977 986
977 1348
977 1349
979 980
979 1116
979 1194
979 1197
980 1140
980 1351
980 2382
981 1024
981 1349
984 987
984 1028
985 987
987 988
987 989
987 990
987 991
987 992
987 993
987 994
987 1173
988 996
988 997
988 998
989 1344
989 1587
989 1861
989 2034
989 2388
990 1052
990 1840
990 1868
990 1869
990 2512
991 1024
991 1025
991 1029
991 1203
991 1851
993 1731
994 1732
994 1815
995 1867
996 1002
996 1087
996 2478
997 1490
997 1783
997 2206
998 1002
998 1427
998 2007
998 2229
998 2296
998 2349
998 2354
998 2355
998 2357
998 2359
998 2362
1002 1003
1002 1004
1002 1005
1002 1006
1003 1009
1003 1010
1003 1111
1003 1850
1004 1018
1004 1129
1004 1193
1004 1300
1004 1769
1004 1801
1004 1874
1004 1948
1004 2457
1004 2506
1004 2527
1006 2180
1007 1008
1007 1828
1008 1134
1008 1231
1008 1828
1010 1444
1012 1604
1015 2089
1016 1196
1017 1197
1017 1198
1017 1556
1017 1829
1017 2476
1020 1836
1021 1115
1023 1024
1023 1025
1023 1026
1024 1025
1024 1027
1024 1029
1024 1274
1024 1824
1025 1026
1025 1027
1025 1029
1025 1030
1025 1415
1025 1771
1025 1824
1025 1836
1025 1851
1026 1851
1027 1028
1027 1029
1028 1203
1028 1311
1028 1504
1028 1533
1028 1575
1028 1734
1028 1735
1028 1783
1028 1919
1028 1935
1028 1970
1028 2136
1028 2206
1028 2358
1028 2522
1030 1746
1030 1749
1030 1750
1033 1799
1033 2195
1033 2422
1034 1310
1034 1323
1036 1142
1036 1170
1036 1476
1036 1837
1036 2196
1036 2227
1036 2228
1036 2356
1036 2548
1038 1039
1041 2408
1042 1043
1042 1056
1044 1162
1044 1173
1045 1056
1045 1057
1048 1135
1048 1281
1048 1402
1048 1785
1050 1051
1052 1053
1052 1727
1052 1728
1053 1054
1053 1869
1054 1278
1054 1282
1054 1283
1054 1284
1054 1285
1054 1963
1054 2009
1054 2028
1054 2212
1054 2543
1056 1057
1056 1058
1056 1544
1057 1058
1058 1544
1060 1061
1060 2303
1062 1063
1065 1066
1065 1067
1065 2432
1066 1067
1066 1225
1066 1458
1066 1845
1067 2374
1068 1069
1071 1278
1071 1282
1071 1284
1071 1285
1072 1073
1073 1405
1074 1075
1077 1078
1077 1079
1080 1081
1080 1082
1080 1083
1080 1084
1080 1951
1081 1082
1081 1083
1081 1951
1081 2237
1082 1083
1082 1951
1084 1219
1084 1496
1084 2364
1084 2492
1084 2532
1085 2164
1085 2329
1088 1089
1088 1133
1089 2210
1089 2230
1089 2375
1090 1091
1090 2621
1091 2061
1093 1481
1096 1196
1096 1846
1097 2146
1097 2162
1097 2381
1100 1473
1100 1805
1100 2020
1100 2147
1100 2209
1100 2297
1101 1350
1102 1103
1102 1104
1104 1920
1105 1106
1105 1850
1106 1444
1107 1781
1112 1867
1113 1114
1114 1299
1114 1300
1114 1874
1114 2134
1114 2136
1114 2532
1115 1116
1115 1117
1116 1196
1117 1749
1117 2156
1117 2227
1118 1135
1120 1451
1120 1705
1121 1122
1121 1661
1122 1123
1122 1124
1122 1661
1123 1874
1124 1874
1125 1126
1127 1128
1127 1630
1127 1818
1127 2412
1128 1220
1128 1599
1128 1818
1129 1130
1129 1131
1130 1233
1130 1363
1130 1637
1130 2520
1131 1132
1133 1134
1133 1135
1133 1136
1133 1137
1133 2337
1133 2561
1134 1135
1134 1206
1134 1207
1134 1585
1134 1825
1134 1826
1134 1827
1134 2019
1134 2130
1134 2138
1134 2233
1134 2422
1135 1207
1135 1231
1135 1244
1135 1271
1135 1276
1135 1312
1135 1585
1135 1588
1135 1857
1135 1858
1135 1903
1135 2138
1135 2171
1135 2233
1141 1417
1141 1453
1141 1454
1141 1455
1141 2338
1142 1149
1142 1162
1142 1168
1142 1516
1142 1824
1143 1293
1143 1294
1144 1381
1147 2101
1148 1149
1149 1162
1149 1163
1149 1164
1149 1165
1149 1166
1149 1167
1149 1168
1149 1169
1149 1170
1149 1171
1149 1172
1149 1173
1149 1280
1149 1473
1149 1515
1149 1516
1149 1517
1149 1518
1149 1519
1149 1520
1149 1543
1149 1791
1149 1792
1149 1962
1149 2204
1149 2210
1149 2227
1149 2235
1149 2307
1149 2343
1149 2344
1149 2397
1149 2485
1149 2516
1149 2521
1149 2526
1149 2541
1149 2578
1149 2582
1149 2584
1150 1151
1150 1152
1151 1332
1152 1332
1155 1156
1155 1157
1158 1233
1158 1234
1159 1160
1159 1161
1161 1393
1162 1163
1162 1164
1162 1165
1162 1166
1162 1167
1162 1168
1162 1169
1162 1170
1162 1171
1162 1172
1162 1173
1162 1543
1162 2149
1162 2277
1162 2307
1162 2506
1162 2521
1162 2526
1162 2578
1163 1168
1163 1170
1163 1515
1163 2297
1164 1168
1164 2137
1164 2536
1164 2537
1165 2204
1165 2307
1168 1169
1168 1170
1168 1171
1168 1290
1168 1519
1168 1843
1168 1936
1168 2222
1168 2442
1168 2456
1168 2465
1168 2516
1168 2526
1169 1516
1170 1473
1170 1516
1170 1646
1170 1647
1170 2147
1171 1516
1177 1178
1179 1180
1179 1181
1180 1181
1182 1183
1184 1185
1184 1186
1184 1187
1184 1188
1184 1809
1185 1809
1187 1426
1187 1427
1187 1428
1187 1429
1187 1547
1190 1280
1190 1812
1191 1278
1191 1812
1192 1198
1194 1199
1194 1746
1194 1748
1194 1871
1196 1445
1196 1794
1197 1198
1198 1499
1198 1556
1198 1971
1198 1972
1198 2476
1200 1735
1201 1731
1201 2633
1202 2278
1203 1281
1203 1356
1203 1970
1203 1977
1203 1981
1203 2358
1205 2432
1206 1491
1206 1492
1206 1585
1206 1642
1208 1209
1208 1210
1208 1211
1208 1344
1208 1596
1208 1924
1209 1597
1209 1924
1210 1626
1211 1597
1211 1629
1212 1646
1212 1647
1212 1831
1212 1832
1212 1834
1212 1865
1213 1214
1217 1569
1217 1706
1217 2012
1217 2013
1217 2014
1217 2015
1217 2044
1219 1220
1219 1988
1220 1599
1220 1988
1221 2101
1222 1223
1222 1253
1223 1889
1223 2100
1224 1225
1225 1538
1225 1737
1225 1770
1225 2480
1226 2062
1227 1228
1227 2288
1228 2120
1229 1230
1231 1585
1231 1828
1235 1236
1235 1237
1235 1913
1236 1771
1236 1797
1237 1491
1237 1495
1237 1579
1237 1588
1237 1589
1237 1696
1237 2034
1239 1240
1240 1542
1241 1242
1241 1243
1241 1244
1241 1245
1241 1246
1241 1247
1241 1259
1241 1260
1241 1261
1241 1262
1241 1263
1241 1767
1241 2368
1241 2416
1241 2417
1245 1458
1245 2234
1246 1768
1250 1251
1250 1252
1250 2318
1250 2351
1250 2458
1250 2587
1251 2352
1251 2427
1251 2428
1252 2586
1254 1255
1254 1256
1254 1257
1254 1313
1254 1340
1254 1438
1254 1439
1254 1936
1254 2222
1254 2442
1255 1256
1255 1257
1256 1340
1257 1340
1260 1773
1264 2102
1264 2185
1264 2529
1265 1266
1266 1417
1266 1419
1266 1626
1267 1268
1267 1269
1267 1904
1267 1905
1267 1906
1267 1907
1267 1908
1268 1904
1268 1905
1268 1906
1268 1907
1268 1908
1269 1904
1269 1905
1269 1906
1269 1907
1269 1908
1270 1294
1271 2134
1271 2136
1274 1275
1275 1784
1275 1785
1275 2102
1275 2426
1276 1277
1276 1278
1276 1279
1276 1280
1276 1785
1276 2026
1277 1278
1277 1280
1277 1282
1277 1283
1277 1284
1277 1285
1277 1286
1277 1785
1278 1280
1278 1281
1278 1282
1278 1283
1278 1284
1278 1285
1278 1288
1278 1302
1278 1303
1278 1665
1278 1785
1278 1790
1278 1791
1278 1792
1280 1281
1280 1282
1280 1285
1280 1785
1280 1790
1280 1791
1280 1792
1280 2025
1280 2473
1280 2477
1281 1282
1281 1790
1281 1818
1282 1283
1282 1284
1282 1285
1282 1287
1282 1288
1282 1303
1282 1326
1282 1327
1282 1328
1282 1665
1282 1790
1282 2351
1282 2527
1283 1284
1283 1791
1283 2527
1284 1288
1284 1303
1284 1325
1284 2527
1285 1303
1285 1336
1285 1337
1285 1665
1285 1790
1285 1791
1285 1792
1285 2527
1286 1475
1288 1729
1288 2009
1288 2212
1288 2543
1290 1473
1290 2020
1290 2147
1290 2227
1290 2228
1291 2130
1293 1294
1294 1310
1294 1323
1294 1845
1297 1298
1299 1300
1299 1874
1300 1874
1302 2212
1303 2009
1303 2543
1304 1432
1305 2287
1306 1692
1308 1501
1310 1311
1312 1313
1312 1314
1312 1315
1312 1316
1312 1438
1312 1439
1312 1918
1312 2092
1312 2622
1312 2623
1313 1340
1313 1438
1313 1439
1313 1916
1313 1917
1313 1918
1314 1340
1314 1440
1315 1440
1315 2021
1315 2622
1315 2623
1318 1319
1319 1422
1319 2222
1322 1323
1322 1324
1322 2134
1322 2136
1326 1479
1326 1480
1326 2172
1328 1480
1329 1330
1329 1331
1329 2202
1330 1928
1331 1928
1336 2543
1337 1338
1337 1669
1337 1678
1338 1341
1339 1340
1340 1438
1340 1439
1340 1440
1340 1674
1340 2622
1340 2623
1341 1342
1344 1578
1344 1587
1344 1591
1344 1592
1344 1593
1344 1595
1344 1596
1344 1719
1344 2425
1348 1349
1354 1355
1354 2494
1356 1357
1357 2276
1358 1559
1361 1362
1361 1363
1361 1364
1362 1363
1362 1364
1362 1365
1363 1364
1363 1365
1363 1638
1364 1638
1366 1367
1366 1368
1366 2506
1367 1368
1367 1444
1367 1650
1367 2506
1368 1444
1368 1644
1368 2299
1369 1370
1373 1374
1374 2462
1376 1377
1376 1378
1379 1380
1383 1774
1383 1775
1383 1776
1384 1812
1387 1388
1387 1863
1388 1863
1391 1812
1393 1394
1393 1395
1393 1396
1393 1397
1393 1398
1393 1399
1393 1400
1397 1898
1397 2036
1397 2159
1397 2235
1397 2346
1397 2409
1401 1402
1403 1404
1406 1407
1406 1408
1407 1408
1407 1415
1407 1596
1407 1626
1407 1629
1407 2377
1408 1596
1410 2001
1411 2215
1411 2377
1412 1413
1412 1414
1412 1415
1412 1416
1412 1417
1412 1418
1413 1414
1414 1417
1414 1418
1414 1419
1415 1416
1415 1596
1415 1597
1417 1419
1417 1626
1418 1419
1421 1422
1421 1423
1421 1424
1421 1425
1421 1661
1422 1424
1422 1735
1422 2077
1422 2201
1422 2221
1422 2249
1422 2255
1422 2256
1423 1424
1423 1998
1423 2195
1423 2221
1424 1425
1424 1793
1424 1998
1424 2195
1426 1427
1426 1428
1426 1429
1426 1547
1427 1428
1427 1429
1427 1547
1427 2351
1428 1429
1428 1547
1429 1547
1430 1431
1430 2250
1431 2170
1431 2250
1432 1706
1433 1434
1435 1436
1435 1437
1435 1558
1437 1514
1438 1439
1438 1440
1438 2157
1439 1440
1440 2622
1440 2623
1441 1801
1442 1443
1444 2506
1444 2529
1445 1446
1447 1448
1448 1449
1450 1451
1453 1454
1453 1455
1454 1455
1454 2218
1454 2219
1454 2338
1455 2338
1456 1457
1458 1459
1458 1460
1458 1504
1458 2338
1458 2368
1460 1953
1460 2459
1462 1463
1462 1464
1462 1528
1463 1464
1463 1528
1464 1565
1467 2280
1468 1469
1469 1470
1470 2371
1473 1474
1473 1475
1473 1476
1473 1477
1473 1478
1473 1505
1473 1987
1473 2227
1473 2297
1473 2508
1474 1550
1474 2135
1474 2257
1475 2546
1476 2147
1477 1550
1478 1799
1478 1805
1478 2099
1478 2100
1478 2226
1478 2227
1478 2228
1479 2172
1481 1482
1481 1483
1481 1484
1481 1485
1483 1697
1484 1485
1486 1487
1488 1489
1488 1666
1489 1667
1489 1668
1490 1491
1490 1492
1490 1493
1490 1936
1491 1492
1491 1494
1491 1495
1491 1613
1491 1696
1491 1826
1491 1904
1491 2034
1491 2235
1492 1826
1492 1904
1493 1714
1494 1598
1494 1599
1494 1600
1494 1602
1494 1796
1494 1913
1494 1914
1495 1588
1495 1589
1495 1741
1496 1497
1496 1498
1496 1499
1496 1500
1496 1501
1496 1502
1496 1503
1499 1978
1500 1815
1500 2546
1505 1506
1506 2192
1506 2508
1507 1508
1507 1509
1510 1511
1516 1517
1516 2516
1523 1524
1524 1535
1524 1617
1525 2201
1526 1527
1529 1805
1529 2020
1529 2147
1529 2226
1531 1532
1532 1538
1534 1535
1535 1661
1536 1545
1539 1540
1548 1549
1550 1985
1550 2505
1552 1553
1554 1939
1555 1585
1555 1939
1560 1561
1560 1562
1560 1700
1560 1854
1560 1855
1560 1856
1561 1562
1561 1563
1561 1854
1561 1855
1561 1856
1562 1854
1562 1855
1562 1856
1563 1854
1563 1856
1567 1568
1568 1731
1570 1571
1570 1572
1571 1572
1573 1574
1574 1822
1574 1936
1574 2441
1574 2443
1575 1576
1575 1754
1575 1778
1575 2367
1577 1578
1577 1959
1578 2425
1579 1668
1579 1999
1582 1583
1582 1714
1582 1784
1582 1785
1582 1949
1582 2466
1583 2147
1584 1585
1585 1753
1585 1754
1585 1755
1585 1756
1585 1757
1585 1758
1585 1759
1585 1760
1585 1761
1585 1762
1585 1763
1585 1764
1585 1765
1587 1588
1587 1589
1587 1590
1587 1591
1587 1592
1587 1593
1587 1594
1587 1595
1587 1719
1588 1589
1588 1696
1588 1741
1588 1861
1588 2034
1589 1696
1589 1861
1589 2034
1590 1860
1593 1595
1593 1959
1593 2544
1594 2301
1596 1626
1596 1629
1598 1599
1598 1600
1598 1601
1598 1602
1598 1603
1598 1913
1598 1914
1598 2615
1599 1600
1599 1602
1599 1603
1599 1795
1599 1796
1599 1913
1599 1914
1600 1602
1600 1913
1600 1914
1600 2210
1600 2606
1601 2147
1602 1603
1602 1913
1602 1914
1602 1936
1602 2210
1602 2222
1603 1913
1603 1914
1606 1607
1607 1608
1607 1615
1610 1611
1610 1612
1613 1614
1618 1619
1619 2306
1620 1621
1620 1622
1620 1623
1624 1625
1626 1627
1626 1628
1626 1629
1626 2436
1627 1795
1627 2121
1627 2436
1628 1629
1632 1633
1632 1634
1635 1636
1640 1641
1643 1644
1646 1647
1646 1648
1646 1831
1646 1833
1646 1834
1646 2578
1647 1648
1647 1649
1647 1650
1647 1651
1647 1831
1647 1833
1647 1834
1647 2578
1647 2605
1648 1831
1648 1832
1649 1805
1651 1831
1651 2573
1652 1653
1654 1655
1654 1656
1654 1694
1654 2000
1656 1812
1657 1658
1659 1660
1663 1664
1666 1667
1666 1668
1667 1668
1670 1671
1672 1673
1673 2546
1674 1675
1674 1802
1674 1944
1675 1944
1676 1677
1679 1680
1680 1681
1680 1682
1683 1684
1685 1686
1687 1688
1689 1690
1691 1692
1691 1693
1692 2391
1695 1696
1696 2034
1696 2035
1698 1699
1701 1702
1703 1704
1705 1706
1705 1707
1707 2084
1707 2085
1707 2415
1714 1784
1714 1785
1714 1786
1714 1787
1714 1936
1714 2222
1714 2442
1716 1717
1716 1718
1719 1720
1719 1721
1719 1722
1719 1723
1720 1722
1721 1724
1722 1725
1724 1739
1727 1869
1727 1870
1729 1963
1731 1737
1731 1935
1731 2358
1731 2400
1732 1812
1732 1816
1732 1817
1732 2396
1734 1735
1734 1736
1734 1737
1737 2488
1737 2555
1737 2576
1737 2603
1746 1747
1746 1748
1746 1749
1746 1750
1746 1751
1747 1751
1747 1752
1747 2063
1749 1752
1749 2063
1749 2347
1750 1752
1750 2063
1752 2063
1755 2006
1758 1783
1763 2057
1763 2198
1767 1768
1767 1769
1767 1770
1768 1769
1771 1772
1771 1773
1773 1804
1773 1805
1774 1775
1774 1776
1775 1776
1778 1779
1779 2216
1781 1782
1783 1868
1784 1785
1784 1788
1784 1789
1784 2158
1784 2466
1785 1788
1785 1789
1785 1790
1785 1791
1785 1792
1785 2314
1785 2466
1785 2485
1787 1821
1789 1936
1789 2593
1790 2025
1793 2221
1795 2121
1795 2436
1796 1914
1797 1798
1797 1799
1797 1800
1797 1801
1797 2476
1797 2529
1799 2227
1799 2616
1800 2385
1801 1805
1801 2375
1805 1822
1805 2019
1805 2125
1805 2147
1808 2393
1808 2394
1812 1813
1812 1814
1812 1815
1812 2611
1815 1816
1822 1823
1824 2548
1831 1832
1831 1833
1831 1834
1831 2605
1833 1951
1836 1837
1837 2210
1839 2155
1840 1841
1840 1842
1841 1842
1842 2009
1843 1844
1843 1974
1847 2422
1847 2423
1847 2474
1849 1850
1854 1855
1854 1856
1855 1856
1860 1861
1860 1862
1860 1863
1865 1866
1865 2101
1870 2022
1872 1873
1872 1874
1872 1875
1872 1876
1872 1877
1872 1890
1874 1875
1874 1878
1874 1879
1874 1880
1874 1890
1874 2292
1876 1878
1876 1879
1876 1881
1876 1882
1876 1883
1876 1884
1876 1885
1876 1886
1876 1887
1876 1888
1878 1879
1879 1891
1879 2308
1879 2311
1880 2055
1881 1937
1881 1938
1882 1885
1882 1886
1883 1884
1883 1885
1883 1886
1883 2000
1883 2150
1883 2429
1883 2519
1884 1885
1884 1886
1884 1940
1884 2000
1884 2429
1884 2519
1885 1886
1885 1940
1885 2000
1885 2150
1885 2429
1885 2519
1886 2000
1886 2429
1886 2519
1889 2101
1889 2370
1889 2534
1889 2535
1895 2109
1895 2227
1895 2356
1897 1898
1898 2469
1899 1900
1899 1901
1899 1902
1899 2419
1900 1901
1902 2419
1904 1905
1904 1906
1904 1907
1904 1908
1904 1909
1904 2235
1905 1906
1905 1907
1905 1908
1906 1907
1906 1908
1907 1908
1911 1912
1913 1914
1914 1915
1924 1925
1928 1929
1930 1931
1934 1935
1935 2208
1936 2056
1936 2224
1936 2441
1937 1938
1939 1941
1941 2100
1946 1947
1947 1985
1953 2459
1954 2510
1963 1964
1969 1970
1971 1972
1974 1975
1974 1976
1974 1977
1976 1977
1978 1979
1978 2128
1979 2128
1979 2129
1983 1984
1985 1986
1986 2546
1988 1989
1988 1990
1988 1991
1988 1992
1988 1993
1998 2221
2000 2429
2001 2002
2001 2003
2001 2004
2007 2008
2007 2016
2007 2296
2019 2020
2019 2226
2020 2125
2020 2147
2020 2209
2020 2297
2020 2422
2020 2465
2020 2487
2020 2508
2021 2622
2022 2023
2034 2035
2034 2036
2035 2036
2035 2323
2036 2418
2036 2422
2038 2039
2038 2578
2038 2588
2039 2310
2056 2222
2056 2442
2057 2198
2057 2199
2063 2630
2065 2066
2065 2067
2065 2068
2065 2069
2065 2070
2065 2071
2065 2072
2065 2073
2065 2074
2065 2075
2065 2076
2065 2079
2065 2080
2065 2081
2065 2082
2065 2083
2069 2071
2069 2081
2070 2071
2070 2072
2071 2072
2071 2081
2071 2082
2072 2081
2072 2082
2076 2077
2076 2078
2081 2082
2084 2085
2084 2415
2085 2415
2087 2624
2087 2625
2090 2091
2099 2209
2099 2514
2099 2517
2100 2101
2101 2304
2101 2370
2101 2479
2101 2533
2101 2534
2101 2535
2101 2611
2102 2185
2102 2222
2102 2442
2103 2104
2103 2105
2103 2106
2109 2110
2109 2228
2110 2111
2110 2112
2110 2113
2110 2114
2110 2115
2110 2116
2110 2117
2110 2118
2110 2302
2110 2529
2110 2554
2110 2608
2115 2596
2115 2602
2116 2596
2116 2602
2117 2596
2118 2596
2118 2602
2118 2613
2121 2436
2123 2226
2128 2129
2130 2131
2134 2135
2135 2181
2138 2139
2139 2346
2143 2144
2147 2272
2147 2297
2147 2465
2159 2160
2159 2599
2160 2346
2161 2162
2164 2165
2164 2362
2165 2166
2167 2168
2170 2250
2176 2177
2186 2228
2188 2189
2195 2221
2196 2197
2196 2227
2196 2228
2197 2227
2197 2228
2198 2199
2198 2200
2210 2227
2215 2376
2215 2377
2216 2217
2218 2219
2222 2223
2222 2224
2222 2441
2223 2442
2225 2226
2226 2230
2226 2296
2226 2297
2226 2422
2227 2228
2228 2230
2231 2244
2235 2236
2235 2237
2235 2238
2236 2238
2239 2299
2239 2577
2241 2242
2241 2243
2242 2243
2242 2453
2243 2453
2246 2247
2246 2451
2247 2450
2247 2451
2257 2258
2258 2306
2262 2263
2262 2264
2265 2266
2270 2271
2271 2514
2274 2275
2288 2289
2290 2291
2292 2293
2297 2514
2310 2588
2314 2315
2314 2551
2324 2325
2325 2326
2327 2328
2329 2330
2329 2331
2343 2344
2345 2346
2346 2527
2346 2531
2363 2364
2364 2531
2365 2366
2366 2620
2372 2373
2372 2598
2372 2600
2374 2413
2375 2389
2376 2377
2376 2628
2377 2437
2386 2387
2393 2394
2393 2395
2397 2398
2397 2407
2402 2403
2404 2405
2413 2414
2415 2536
2415 2537
2420 2432
2422 2423
2423 2474
2429 2430
2432 2433
2434 2435
2441 2442
2448 2449
2453 2454
2469 2506
2490 2491
2500 2506
2506 2507
2512 2513
2513 2552
2517 2518
2527 2528
2528 2591
2538 2539
2541 2578
2546 2547
2564 2565
2565 2624
2565 2632
2567 2568
2573 2574
2573 2590
2580 2596
2586 2587
2596 2597
2597 2613
2622 2623
2624 2625
2634 2635
2636 2637
